priors
1.513859e-01 1.206975e-02 2.459641e-02 8.441212e-02 1.400777e-01 1.337572e-01 4.300183e-01 1.522997e-04 2.353031e-02 
means
-1.262316e-02 1.355019e-01 -1.286609e-01 3.986339e-02 5.839808e-02 -1.796359e-02 1.482998e-01 8.533326e-02 1.130927e-01 1.041961e-01 -2.275650e-02 -5.655070e-02 1.711791e-01 2.251312e-01 8.467876e-02 -7.558896e-03 -3.923411e-02 2.168508e-04 6.697812e-02 4.781918e-02 
-3.911656e-01 3.712685e-01 9.192486e-02 2.697103e-01 3.550934e-01 2.708416e-01 1.643439e-01 4.608854e-03 6.748918e-03 9.373479e-02 6.701112e-02 2.735971e-02 -7.194348e-02 -1.671307e-01 7.817559e-02 6.812395e-02 1.438385e-01 1.458059e-01 2.178591e-02 -5.400730e-03 
2.182702e-01 3.924625e-01 7.860550e-02 1.903456e-01 5.800094e-02 8.828391e-02 8.070123e-02 -2.729412e-02 -9.394616e-02 6.549562e-02 1.879275e-01 6.391857e-02 -1.070745e-01 -6.345866e-02 9.171599e-02 1.655257e-01 1.597298e-01 -1.047735e-01 -1.112842e-01 -2.383903e-02 
4.502016e-01 3.833739e-01 3.321365e-02 1.076396e-01 9.199385e-02 3.363262e-02 2.083768e-01 -5.284594e-03 -3.895388e-04 7.198049e-02 2.095711e-01 1.690492e-01 1.518513e-02 -2.481309e-02 1.221584e-01 1.574625e-01 1.397183e-01 1.022526e-01 2.824857e-04 -1.469144e-01 
-1.349193e-01 -4.469046e-02 -4.725847e-02 -6.464742e-02 2.851869e-02 -7.856979e-03 -8.982695e-03 7.239961e-02 4.285331e-02 -5.095770e-02 2.690034e-01 6.440717e-02 -1.318737e-01 -1.437848e-01 -7.999894e-03 1.024985e-01 8.757059e-02 -2.136199e-02 8.988177e-02 -7.754022e-02 
-2.146700e-01 -1.236779e-01 -2.231998e-01 -4.505613e-02 -4.374930e-02 -5.770162e-02 1.271597e-02 2.157061e-02 5.051881e-02 1.101076e-01 -3.739026e-02 -8.509053e-02 4.524029e-02 2.686525e-01 2.331058e-01 -4.165813e-02 -7.387625e-02 -5.203556e-02 -5.219976e-02 -1.059690e-02 
3.243717e-03 -1.168177e-01 1.119499e-01 -2.059571e-02 -4.876082e-02 6.096542e-03 -9.332093e-02 -5.301543e-02 -5.780772e-02 -6.897128e-02 -1.255407e-01 -1.187065e-02 -2.508885e-02 -1.071448e-01 -1.383165e-01 -6.318755e-02 -3.170706e-02 1.833892e-02 -2.040775e-02 4.818412e-02 
3.635103e-01 3.455133e-01 -1.197037e-01 3.648875e-01 4.231071e-01 4.655150e-01 3.648136e-01 3.604919e-01 3.056088e-01 2.267927e-01 5.610610e-02 1.228199e-01 -2.902016e-02 -4.666004e-03 1.829940e-01 2.305094e-01 2.337962e-01 2.273390e-01 -2.049229e-02 -2.133961e-01 
4.004928e-01 2.539397e-01 8.427649e-02 3.506993e-02 1.878459e-02 2.405618e-02 -1.860165e-01 -9.097011e-02 -1.192799e-01 -1.086873e-01 6.883194e-02 -7.048585e-03 -2.037786e-02 7.958444e-02 1.301089e-01 5.567336e-02 -1.298310e-02 -2.471365e-01 -1.920356e-01 -1.102724e-01 
covars
7.478357e-02 4.402492e-02 1.017466e-02 2.233037e-03 -1.137021e-02 -9.877443e-04 4.365909e-03 1.086392e-02 6.576341e-03 8.702737e-03 2.795650e-02 2.689344e-02 2.097589e-02 1.517235e-02 6.061039e-03 4.912451e-03 -6.379799e-04 -5.075502e-03 -3.700317e-03 -3.806002e-04 
4.402492e-02 7.608493e-02 1.301311e-02 1.061552e-02 1.555050e-02 -2.613860e-03 1.989111e-02 8.999508e-03 1.078775e-02 6.980755e-03 3.090828e-02 1.797228e-02 1.550266e-02 2.532866e-02 2.549479e-02 1.352125e-02 8.118877e-03 4.511824e-03 2.622604e-03 9.026523e-03 
1.017466e-02 1.301311e-02 5.930584e-02 1.782568e-02 6.470356e-03 7.973863e-03 -3.433589e-03 8.051268e-04 -1.422362e-03 -3.512708e-03 7.894952e-03 2.176070e-03 -5.388301e-03 -1.412119e-02 -4.527901e-03 1.524511e-03 7.159362e-03 1.221516e-02 3.116026e-03 7.246164e-03 
2.233037e-03 1.061552e-02 1.782568e-02 3.492301e-02 2.069314e-02 2.052652e-02 1.443657e-02 4.784013e-03 4.142114e-03 1.108775e-02 4.402219e-04 -2.046453e-03 -2.280280e-03 6.498698e-04 6.230491e-03 6.498679e-03 9.097204e-03 1.409289e-02 2.284932e-03 -3.349176e-03 
-1.137021e-02 1.555050e-02 6.470356e-03 2.069314e-02 8.415373e-02 4.266177e-02 4.448262e-02 -9.229117e-03 1.157155e-02 1.095984e-02 -3.804461e-02 -3.096898e-02 -4.340397e-02 -1.460984e-02 2.807938e-02 3.036551e-02 4.221091e-02 4.093598e-02 -4.191354e-03 -3.966178e-02 
-9.877443e-04 -2.613860e-03 7.973863e-03 2.052652e-02 4.266177e-02 6.977031e-02 3.888557e-02 3.646022e-03 1.220735e-02 1.617493e-02 -3.037762e-02 -1.559613e-02 -2.673832e-02 -2.151544e-02 1.392445e-02 1.856033e-02 3.162945e-02 3.234288e-02 -5.710749e-03 -3.680265e-02 
4.365909e-03 1.989111e-02 -3.433589e-03 1.443657e-02 4.448262e-02 3.888557e-02 6.717180e-02 1.625123e-02 2.258970e-02 1.948224e-02 -1.474806e-02 -1.367815e-02 -1.798742e-02 1.505448e-03 2.572555e-02 2.380288e-02 2.944301e-02 3.016298e-02 -3.031935e-03 -3.263413e-02 
1.086392e-02 8.999508e-03 8.051268e-04 4.784013e-03 -9.229117e-03 3.646022e-03 1.625123e-02 5.615379e-02 1.889462e-02 1.073196e-02 2.476912e-02 8.825019e-03 1.840074e-02 1.197409e-02 8.354033e-03 -1.914296e-03 -6.914284e-03 -2.520505e-03 2.858724e-03 -1.280471e-03 
6.576341e-03 1.078775e-02 -1.422362e-03 4.142114e-03 1.157155e-02 1.220735e-02 2.258970e-02 1.889462e-02 3.121584e-02 2.083534e-02 4.159283e-03 2.737354e-03 7.291879e-03 1.565813e-02 1.535935e-02 4.525230e-03 4.968263e-03 7.178473e-03 3.116202e-03 -4.910034e-03 
8.702737e-03 6.980755e-03 -3.512708e-03 1.108775e-02 1.095984e-02 1.617493e-02 1.948224e-02 1.073196e-02 2.083534e-02 5.413988e-02 1.652020e-02 1.304701e-03 1.568081e-02 1.776721e-02 2.091997e-02 7.879911e-03 9.306745e-03 4.971784e-03 1.708646e-03 -1.167134e-02 
2.795650e-02 3.090828e-02 7.894952e-03 4.402219e-04 -3.804461e-02 -3.037762e-02 -1.474806e-02 2.476912e-02 4.159283e-03 1.652020e-02 1.092497e-01 4.191532e-02 4.293115e-02 2.668761e-02 -1.042507e-03 -4.453372e-03 -1.959320e-02 -3.061196e-02 1.688001e-02 3.136014e-02 
2.689344e-02 1.797228e-02 2.176070e-03 -2.046453e-03 -3.096898e-02 -1.559613e-02 -1.367815e-02 8.825019e-03 2.737354e-03 1.304701e-03 4.191532e-02 4.170325e-02 3.132336e-02 1.145575e-02 -1.041382e-02 -9.713686e-03 -1.860823e-02 -1.876779e-02 7.457163e-03 2.736538e-02 
2.097589e-02 1.550266e-02 -5.388301e-03 -2.280280e-03 -4.340397e-02 -2.673832e-02 -1.798742e-02 1.840074e-02 7.291879e-03 1.568081e-02 4.293115e-02 3.132336e-02 6.279431e-02 3.947254e-02 -4.649320e-03 -2.194383e-02 -3.476669e-02 -2.696561e-02 1.199559e-02 4.089308e-02 
1.517235e-02 2.532866e-02 -1.412119e-02 6.498698e-04 -1.460984e-02 -2.151544e-02 1.505448e-03 1.197409e-02 1.565813e-02 1.776721e-02 2.668761e-02 1.145575e-02 3.947254e-02 6.314751e-02 1.889836e-02 -1.123715e-02 -2.179231e-02 -1.199012e-02 8.163447e-03 2.830723e-02 
6.061039e-03 2.549479e-02 -4.527901e-03 6.230491e-03 2.807938e-02 1.392445e-02 2.572555e-02 8.354033e-03 1.535935e-02 2.091997e-02 -1.042507e-03 -1.041382e-02 -4.649320e-03 1.889836e-02 5.239469e-02 2.417626e-02 2.579220e-02 2.333889e-02 -3.273030e-03 -2.301928e-02 
4.912451e-03 1.352125e-02 1.524511e-03 6.498679e-03 3.036551e-02 1.856033e-02 2.380288e-02 -1.914296e-03 4.525230e-03 7.879911e-03 -4.453372e-03 -9.713686e-03 -2.194383e-02 -1.123715e-02 2.417626e-02 2.884007e-02 3.290039e-02 2.430133e-02 -4.025663e-03 -2.942804e-02 
-6.379799e-04 8.118877e-03 7.159362e-03 9.097204e-03 4.221091e-02 3.162945e-02 2.944301e-02 -6.914284e-03 4.968263e-03 9.306745e-03 -1.959320e-02 -1.860823e-02 -3.476669e-02 -2.179231e-02 2.579220e-02 3.290039e-02 4.528272e-02 3.767140e-02 -6.226305e-03 -3.970774e-02 
-5.075502e-03 4.511824e-03 1.221516e-02 1.409289e-02 4.093598e-02 3.234288e-02 3.016298e-02 -2.520505e-03 7.178473e-03 4.971784e-03 -3.061196e-02 -1.876779e-02 -2.696561e-02 -1.199012e-02 2.333889e-02 2.430133e-02 3.767140e-02 6.241339e-02 2.688041e-03 -2.851291e-02 
-3.700317e-03 2.622604e-03 3.116026e-03 2.284932e-03 -4.191354e-03 -5.710749e-03 -3.031935e-03 2.858724e-03 3.116202e-03 1.708646e-03 1.688001e-02 7.457163e-03 1.199559e-02 8.163447e-03 -3.273030e-03 -4.025663e-03 -6.226305e-03 2.688041e-03 1.857153e-02 1.681950e-02 
-3.806002e-04 9.026523e-03 7.246164e-03 -3.349176e-03 -3.966178e-02 -3.680265e-02 -3.263413e-02 -1.280471e-03 -4.910034e-03 -1.167134e-02 3.136014e-02 2.736538e-02 4.089308e-02 2.830723e-02 -2.301928e-02 -2.942804e-02 -3.970774e-02 -2.851291e-02 1.681950e-02 7.363875e-02 
invCovars
3.645438e+01 -2.040913e+01 -7.927668e+00 6.122812e+00 6.490714e+00 -5.794369e+00 5.765335e+00 -2.623495e+00 2.740033e+00 -3.618567e+00 5.405462e+00 -1.885449e+01 -3.831962e+00 -1.437634e+01 1.671210e+01 -1.786095e+01 2.779087e+00 -1.029537e+00 8.720937e+00 1.602069e+01 
-2.040913e+01 4.660249e+01 -5.748357e+00 -2.244184e+00 -1.778371e+01 7.204831e+00 -1.268481e+01 2.231529e+00 3.027444e+00 1.282305e+01 -6.159379e+00 -7.026204e+00 -9.499475e+00 -4.156736e+00 -1.655900e+01 8.160751e-01 -1.152576e+01 6.402689e+00 4.601439e+00 -1.221007e+01 
-7.927668e+00 -5.748357e+00 3.276640e+01 -1.660497e+01 2.042984e+00 2.040971e+00 4.850541e+00 7.416445e-01 -8.755541e+00 2.157440e+00 -8.111160e+00 1.214004e+01 2.768968e+00 1.771843e+01 -4.558063e+00 2.905158e+01 -1.577952e+01 -7.469532e+00 2.500468e+00 -1.046780e+01 
6.122812e+00 -2.244184e+00 -1.660497e+01 5.439443e+01 -1.205083e+01 -1.444341e+01 6.525985e-01 -6.351370e+00 1.488978e+01 -9.988594e+00 1.595275e+00 -6.048475e+00 -2.486870e+00 -1.180653e+01 9.979404e+00 -2.518575e+01 1.904748e+01 -5.009012e+00 2.411788e+00 -1.382965e+00 
6.490714e+00 -1.778371e+01 2.042984e+00 -1.205083e+01 4.808785e+01 -6.407888e+00 -4.473873e+00 5.719039e+00 -8.905408e+00 -6.648313e+00 6.482227e+00 1.235582e+01 2.031684e+01 3.599218e-01 8.360188e-01 -1.608780e+01 6.953743e+00 -1.341667e+00 -1.216564e+01 1.699356e+00 
-5.794369e+00 7.204831e+00 2.040971e+00 -1.444341e+01 -6.407888e+00 3.994684e+01 -1.343726e+01 -7.061676e-01 -2.428404e+00 -2.571756e+00 3.297490e+00 -7.207195e+00 -1.520697e+00 1.085000e+01 -6.595133e+00 3.831197e+01 -3.087980e+01 1.117060e+00 -1.873958e+00 3.611493e+00 
5.765335e+00 -1.268481e+01 4.850541e+00 6.525985e-01 -4.473873e+00 -1.343726e+01 4.550843e+01 -1.065240e+01 -1.275379e+01 -3.880291e+00 3.278362e+00 2.412472e+00 4.070924e+00 -1.056789e+01 1.536738e+01 -2.878589e+01 7.734713e+00 -5.405945e+00 1.862503e+00 4.990371e+00 
-2.623495e+00 2.231529e+00 7.416445e-01 -6.351370e+00 5.719039e+00 -7.061676e-01 -1.065240e+01 3.655876e+01 -2.262317e+01 9.246170e+00 -1.228708e+01 1.134632e+01 -1.093303e+01 1.467808e+01 -1.116254e+01 9.160658e-01 2.365978e+01 -7.043498e+00 6.515823e+00 4.814598e+00 
2.740033e+00 3.027444e+00 -8.755541e+00 1.488978e+01 -8.905408e+00 -2.428404e+00 -1.275379e+01 -2.262317e+01 8.032598e+01 -1.980911e+01 1.241812e+01 -2.579508e+01 8.183692e+00 -2.296145e+01 -1.639537e+00 1.362331e+01 -1.895082e+01 8.651705e+00 -1.575433e+01 1.583322e+00 
-3.618567e+00 1.282305e+01 2.157440e+00 -9.988594e+00 -6.648313e+00 -2.571756e+00 -3.880291e+00 9.246170e+00 -1.980911e+01 4.744998e+01 -1.166048e+01 7.007268e+00 -2.877096e+01 -2.157349e+00 -7.952325e+00 2.499105e+01 -3.467711e+01 8.000495e+00 4.687256e+00 7.515597e+00 
5.405462e+00 -6.159379e+00 -8.111160e+00 1.595275e+00 6.482227e+00 3.297490e+00 3.278362e+00 -1.228708e+01 1.241812e+01 -1.166048e+01 3.191231e+01 -2.131324e+01 5.464503e+00 -1.257822e+01 7.414718e+00 -2.746709e+01 -1.761860e+00 1.477759e+01 -2.287970e+01 4.481610e+00 
-1.885449e+01 -7.026204e+00 1.214004e+01 -6.048475e+00 1.235582e+01 -7.207195e+00 2.412472e+00 1.134632e+01 -2.579508e+01 7.007268e+00 -2.131324e+01 8.709452e+01 -1.897016e+01 2.943357e+01 9.764305e-01 -2.025839e+01 2.825807e+01 -9.974776e+00 6.418813e+00 -1.894656e+01 
-3.831962e+00 -9.499475e+00 2.768968e+00 -2.486870e+00 2.031684e+01 -1.520697e+00 4.070924e+00 -1.093303e+01 8.183692e+00 -2.877096e+01 5.464503e+00 -1.897016e+01 8.481393e+01 -1.478167e+01 -6.445415e+00 -3.226810e+00 3.497722e+01 -3.576029e+00 -1.816193e+01 -9.833086e+00 
-1.437634e+01 -4.156736e+00 1.771843e+01 -1.180653e+01 3.599218e-01 1.085000e+01 -1.056789e+01 1.467808e+01 -2.296145e+01 -2.157349e+00 -1.257822e+01 2.943357e+01 -1.478167e+01 7.655181e+01 -4.012744e+01 1.889203e+01 4.215135e+01 -1.438979e+01 5.021706e+00 -1.831345e+01 
1.671210e+01 -1.655900e+01 -4.558063e+00 9.979404e+00 8.360188e-01 -6.595133e+00 1.536738e+01 -1.116254e+01 -1.639537e+00 -7.952325e+00 7.414718e+00 9.764305e-01 -6.445415e+00 -4.012744e+01 7.762543e+01 -6.170718e+01 -8.952283e+00 -4.339412e+00 1.074344e+01 1.154751e+01 
-1.786095e+01 8.160751e-01 2.905158e+01 -2.518575e+01 -1.608780e+01 3.831197e+01 -2.878589e+01 9.160658e-01 1.362331e+01 2.499105e+01 -2.746709e+01 -2.025839e+01 -3.226810e+00 1.889203e+01 -6.170718e+01 4.242327e+02 -2.965064e+02 2.784150e+01 -1.797233e+01 1.741691e+01 
2.779087e+00 -1.152576e+01 -1.577952e+01 1.904748e+01 6.953743e+00 -3.087980e+01 7.734713e+00 2.365978e+01 -1.895082e+01 -3.467711e+01 -1.761860e+00 2.825807e+01 3.497722e+01 4.215135e+01 -8.952283e+00 -2.965064e+02 3.834769e+02 -7.107402e+01 2.399219e+01 -3.650210e+00 
-1.029537e+00 6.402689e+00 -7.469532e+00 -5.009012e+00 -1.341667e+00 1.117060e+00 -5.405945e+00 -7.043498e+00 8.651705e+00 8.000495e+00 1.477759e+01 -9.974776e+00 -3.576029e+00 -1.438979e+01 -4.339412e+00 2.784150e+01 -7.107402e+01 5.612947e+01 -3.269446e+01 4.456192e+00 
8.720937e+00 4.601439e+00 2.500468e+00 2.411788e+00 -1.216564e+01 -1.873958e+00 1.862503e+00 6.515823e+00 -1.575433e+01 4.687256e+00 -2.287970e+01 6.418813e+00 -1.816193e+01 5.021706e+00 1.074344e+01 -1.797233e+01 2.399219e+01 -3.269446e+01 1.095518e+02 -2.056774e+01 
1.602069e+01 -1.221007e+01 -1.046780e+01 -1.382965e+00 1.699356e+00 3.611493e+00 4.990371e+00 4.814598e+00 1.583322e+00 7.515597e+00 4.481610e+00 -1.894656e+01 -9.833086e+00 -1.831345e+01 1.154751e+01 1.741691e+01 -3.650210e+00 4.456192e+00 -2.056774e+01 5.509624e+01 
detCovars
1.222214e-32 
dha dhe dhin ge ke na te tin tun 