priors
1.551986e-01 1.295266e-02 2.458283e-02 7.456533e-02 1.404178e-01 1.297211e-01 4.391458e-01 1.555875e-04 2.326034e-02 
means
-1.129529e-02 1.354230e-01 -1.306788e-01 4.044335e-02 5.274168e-02 -1.972491e-02 1.485314e-01 8.778828e-02 1.121612e-01 1.071242e-01 -1.269084e-02 -5.097857e-02 1.794491e-01 2.277323e-01 8.293898e-02 -1.038166e-02 -4.509089e-02 -5.065770e-03 6.774653e-02 4.819392e-02 
-3.920592e-01 3.748406e-01 1.008601e-01 2.793822e-01 3.602466e-01 2.623635e-01 1.623605e-01 -1.022192e-03 8.277100e-03 9.350510e-02 6.486720e-02 3.167941e-02 -6.751319e-02 -1.586689e-01 8.146422e-02 6.822184e-02 1.405686e-01 1.395486e-01 2.570913e-02 -8.069513e-04 
2.305584e-01 3.969012e-01 8.348327e-02 1.935284e-01 5.866395e-02 9.403361e-02 8.985464e-02 -3.145670e-02 -1.031184e-01 7.565129e-02 1.993900e-01 6.758275e-02 -1.124972e-01 -7.223744e-02 9.550746e-02 1.759288e-01 1.704680e-01 -1.176075e-01 -1.322569e-01 -3.325851e-02 
4.652443e-01 3.780567e-01 2.739157e-02 1.171377e-01 1.127016e-01 4.304982e-02 2.064741e-01 1.456289e-02 2.552502e-02 7.351961e-02 1.855965e-01 1.608098e-01 8.775412e-03 -1.570975e-02 1.343269e-01 1.615539e-01 1.478886e-01 1.072087e-01 -5.495867e-03 -1.623441e-01 
-1.262434e-01 -4.026852e-02 -5.038408e-02 -5.622129e-02 2.567408e-02 -3.328588e-03 -1.729983e-03 7.612037e-02 4.616283e-02 -5.049246e-02 2.741804e-01 7.020818e-02 -1.279807e-01 -1.386550e-01 1.622080e-04 1.032417e-01 8.735688e-02 -9.949758e-03 9.219137e-02 -7.458153e-02 
-2.081576e-01 -1.226524e-01 -2.151028e-01 -4.391837e-02 -4.396685e-02 -4.017210e-02 2.310349e-02 2.034352e-02 4.435202e-02 1.150767e-01 -3.659158e-02 -8.754643e-02 3.507170e-02 2.563876e-01 2.362787e-01 -3.202610e-02 -6.233537e-02 -3.880463e-02 -5.312977e-02 -2.960908e-02 
4.262860e-03 -1.095978e-01 1.097397e-01 -2.400690e-02 -4.738010e-02 -1.688259e-03 -9.439803e-02 -5.717971e-02 -5.966999e-02 -6.971033e-02 -1.214986e-01 -1.036961e-02 -2.510580e-02 -1.048242e-01 -1.374249e-01 -6.302993e-02 -3.246704e-02 1.314523e-02 -2.008583e-02 5.063034e-02 
3.661629e-01 3.463502e-01 -1.212314e-01 3.653163e-01 4.168487e-01 4.602084e-01 3.636759e-01 3.630344e-01 3.038338e-01 2.281018e-01 7.028555e-02 1.316134e-01 -2.039914e-02 -1.067574e-03 1.798667e-01 2.273163e-01 2.280320e-01 2.191088e-01 -1.837883e-02 -2.094343e-01 
3.986450e-01 2.502563e-01 7.245595e-02 2.966064e-02 6.143754e-03 2.105245e-02 -1.769415e-01 -9.448946e-02 -1.273293e-01 -1.048447e-01 8.513742e-02 -5.129142e-03 -1.784616e-02 8.179851e-02 1.443369e-01 7.127493e-02 6.016865e-05 -2.364590e-01 -1.898468e-01 -1.046576e-01 
covars
7.343730e-02 4.196804e-02 8.484875e-03 1.478668e-03 -1.226176e-02 -2.174178e-03 3.102119e-03 1.170341e-02 7.703778e-03 8.476257e-03 2.778684e-02 2.693973e-02 2.196942e-02 1.660884e-02 6.038761e-03 3.982790e-03 -1.906590e-03 -6.234293e-03 -3.872049e-03 5.649894e-04 
4.196804e-02 7.429733e-02 1.258841e-02 1.046698e-02 1.628703e-02 -2.668532e-03 1.893385e-02 9.371061e-03 1.173642e-02 6.508044e-03 2.910815e-02 1.699074e-02 1.533201e-02 2.598609e-02 2.551367e-02 1.294797e-02 7.832989e-03 4.075147e-03 2.374191e-03 9.827265e-03 
8.484875e-03 1.258841e-02 5.837066e-02 1.659799e-02 7.066936e-03 5.861597e-03 -4.511955e-03 -3.382040e-04 -1.019908e-03 -3.523717e-03 7.224174e-03 1.631236e-03 -5.478021e-03 -1.339728e-02 -4.089516e-03 1.089556e-03 6.780156e-03 1.103127e-02 2.946475e-03 8.178196e-03 
1.478668e-03 1.046698e-02 1.659799e-02 3.445639e-02 2.120031e-02 2.009874e-02 1.436624e-02 4.521460e-03 4.269854e-03 1.121857e-02 1.991065e-04 -2.521784e-03 -2.692545e-03 5.722601e-04 6.567319e-03 6.783954e-03 9.489724e-03 1.337254e-02 2.121027e-03 -3.801852e-03 
-1.226176e-02 1.628703e-02 7.066936e-03 2.120031e-02 8.806272e-02 4.327958e-02 4.588258e-02 -1.024209e-02 1.147540e-02 1.107244e-02 -4.047865e-02 -3.274970e-02 -4.604685e-02 -1.545753e-02 2.963360e-02 3.178060e-02 4.440657e-02 4.189539e-02 -4.586441e-03 -4.103160e-02 
-2.174178e-03 -2.668532e-03 5.861597e-03 2.009874e-02 4.327958e-02 6.861317e-02 3.939160e-02 3.507651e-03 1.287937e-02 1.658740e-02 -3.088252e-02 -1.587750e-02 -2.684201e-02 -2.069432e-02 1.511056e-02 1.871621e-02 3.169050e-02 3.162375e-02 -5.926410e-03 -3.726008e-02 
3.102119e-03 1.893385e-02 -4.511955e-03 1.436624e-02 4.588258e-02 3.939160e-02 6.798694e-02 1.725945e-02 2.347986e-02 2.033618e-02 -1.659516e-02 -1.517212e-02 -1.894022e-02 1.793955e-03 2.668392e-02 2.411282e-02 3.019654e-02 2.987827e-02 -3.565205e-03 -3.406692e-02 
1.170341e-02 9.371061e-03 -3.382040e-04 4.521460e-03 -1.024209e-02 3.507651e-03 1.725945e-02 5.703568e-02 1.944698e-02 1.151875e-02 2.651558e-02 9.611875e-03 1.941339e-02 1.212789e-02 8.082728e-03 -1.866222e-03 -7.243359e-03 -3.094665e-03 2.897143e-03 -2.054971e-03 
7.703778e-03 1.173642e-02 -1.019908e-03 4.269854e-03 1.147540e-02 1.287937e-02 2.347986e-02 1.944698e-02 3.131763e-02 2.139740e-02 5.219670e-03 3.249265e-03 7.256304e-03 1.534126e-02 1.575733e-02 5.050991e-03 5.428366e-03 7.502982e-03 3.294849e-03 -5.765269e-03 
8.476257e-03 6.508044e-03 -3.523717e-03 1.121857e-02 1.107244e-02 1.658740e-02 2.033618e-02 1.151875e-02 2.139740e-02 5.511521e-02 1.630793e-02 8.346757e-04 1.574424e-02 1.771882e-02 2.156555e-02 8.268110e-03 9.746823e-03 5.348355e-03 1.618729e-03 -1.288163e-02 
2.778684e-02 2.910815e-02 7.224174e-03 1.991065e-04 -4.047865e-02 -3.088252e-02 -1.659516e-02 2.651558e-02 5.219670e-03 1.630793e-02 1.120746e-01 4.303635e-02 4.522989e-02 2.775488e-02 -1.547707e-03 -5.536664e-03 -2.148986e-02 -3.129576e-02 1.716370e-02 3.292325e-02 
2.693973e-02 1.699074e-02 1.631236e-03 -2.521784e-03 -3.274970e-02 -1.587750e-02 -1.517212e-02 9.611875e-03 3.249265e-03 8.346757e-04 4.303635e-02 4.275737e-02 3.281787e-02 1.214347e-02 -1.103502e-02 -1.072292e-02 -2.003353e-02 -1.958543e-02 7.556563e-03 2.853155e-02 
2.196942e-02 1.533201e-02 -5.478021e-03 -2.692545e-03 -4.604685e-02 -2.684201e-02 -1.894022e-02 1.941339e-02 7.256304e-03 1.574424e-02 4.522989e-02 3.281787e-02 6.531486e-02 4.010691e-02 -6.018353e-03 -2.292765e-02 -3.647222e-02 -2.756937e-02 1.255662e-02 4.168330e-02 
1.660884e-02 2.598609e-02 -1.339728e-02 5.722601e-04 -1.545753e-02 -2.069432e-02 1.793955e-03 1.212789e-02 1.534126e-02 1.771882e-02 2.775488e-02 1.214347e-02 4.010691e-02 6.271493e-02 1.818547e-02 -1.108008e-02 -2.172054e-02 -1.138667e-02 8.576642e-03 2.790016e-02 
6.038761e-03 2.551367e-02 -4.089516e-03 6.567319e-03 2.963360e-02 1.511056e-02 2.668392e-02 8.082728e-03 1.575733e-02 2.156555e-02 -1.547707e-03 -1.103502e-02 -6.018353e-03 1.818547e-02 5.371294e-02 2.544087e-02 2.739072e-02 2.413078e-02 -3.419928e-03 -2.451091e-02 
3.982790e-03 1.294797e-02 1.089556e-03 6.783954e-03 3.178060e-02 1.871621e-02 2.411282e-02 -1.866222e-03 5.050991e-03 8.268110e-03 -5.536664e-03 -1.072292e-02 -2.292765e-02 -1.108008e-02 2.544087e-02 2.952014e-02 3.387817e-02 2.436683e-02 -4.477475e-03 -3.003947e-02 
-1.906590e-03 7.832989e-03 6.780156e-03 9.489724e-03 4.440657e-02 3.169050e-02 3.019654e-02 -7.243359e-03 5.428366e-03 9.746823e-03 -2.148986e-02 -2.003353e-02 -3.647222e-02 -2.172054e-02 2.739072e-02 3.387817e-02 4.689432e-02 3.801070e-02 -6.807766e-03 -4.066694e-02 
-6.234293e-03 4.075147e-03 1.103127e-02 1.337254e-02 4.189539e-02 3.162375e-02 2.987827e-02 -3.094665e-03 7.502982e-03 5.348355e-03 -3.129576e-02 -1.958543e-02 -2.756937e-02 -1.138667e-02 2.413078e-02 2.436683e-02 3.801070e-02 6.140557e-02 2.673800e-03 -2.899009e-02 
-3.872049e-03 2.374191e-03 2.946475e-03 2.121027e-03 -4.586441e-03 -5.926410e-03 -3.565205e-03 2.897143e-03 3.294849e-03 1.618729e-03 1.716370e-02 7.556563e-03 1.255662e-02 8.576642e-03 -3.419928e-03 -4.477475e-03 -6.807766e-03 2.673800e-03 1.912951e-02 1.736458e-02 
5.649894e-04 9.827265e-03 8.178196e-03 -3.801852e-03 -4.103160e-02 -3.726008e-02 -3.406692e-02 -2.054971e-03 -5.765269e-03 -1.288163e-02 3.292325e-02 2.853155e-02 4.168330e-02 2.790016e-02 -2.451091e-02 -3.003947e-02 -4.066694e-02 -2.899009e-02 1.736458e-02 7.569688e-02 
invCovars
3.583333e+01 -1.961349e+01 -7.590641e+00 6.055347e+00 6.122375e+00 -5.588458e+00 5.883093e+00 -2.583421e+00 2.256747e+00 -3.539373e+00 5.092571e+00 -1.870476e+01 -2.971283e+00 -1.406002e+01 1.598677e+01 -1.883603e+01 3.935268e+00 -1.007571e+00 8.550360e+00 1.524016e+01 
-1.961349e+01 4.658517e+01 -5.732564e+00 -2.781262e+00 -1.774929e+01 7.289491e+00 -1.221155e+01 1.800954e+00 2.047395e+00 1.334395e+01 -5.559422e+00 -6.898150e+00 -1.020358e+01 -4.969548e+00 -1.593288e+01 2.432758e+00 -1.359204e+01 6.818335e+00 4.884937e+00 -1.201162e+01 
-7.590641e+00 -5.732564e+00 3.246785e+01 -1.591618e+01 1.276248e+00 2.998052e+00 4.737616e+00 1.163886e+00 -9.207401e+00 1.920485e+00 -7.874722e+00 1.190589e+01 2.037927e+00 1.790262e+01 -4.928850e+00 3.028487e+01 -1.638848e+01 -7.320155e+00 2.955732e+00 -1.019643e+01 
6.055347e+00 -2.781262e+00 -1.591618e+01 5.397257e+01 -1.121640e+01 -1.499534e+01 1.078361e+00 -6.909706e+00 1.536433e+01 -1.012482e+01 1.667148e+00 -5.859014e+00 -1.683247e+00 -1.206311e+01 1.046717e+01 -2.485555e+01 1.686255e+01 -3.991991e+00 1.345794e+00 -1.366256e+00 
6.122375e+00 -1.774929e+01 1.276248e+00 -1.121640e+01 4.678377e+01 -6.441868e+00 -4.948676e+00 5.921365e+00 -7.527053e+00 -6.750874e+00 6.168746e+00 1.189558e+01 1.998996e+01 6.620843e-01 9.386281e-01 -1.716970e+01 8.602753e+00 -1.924783e+00 -1.190697e+01 1.645132e+00 
-5.588458e+00 7.289491e+00 2.998052e+00 -1.499534e+01 -6.441868e+00 4.048749e+01 -1.382200e+01 5.561767e-01 -3.957544e+00 -1.837810e+00 2.547826e+00 -7.098688e+00 -2.388827e+00 1.221066e+01 -7.646346e+00 3.770738e+01 -2.819251e+01 7.139710e-02 -8.930355e-01 3.592402e+00 
5.883093e+00 -1.221155e+01 4.737616e+00 1.078361e+00 -4.948676e+00 -1.382200e+01 4.679061e+01 -1.205148e+01 -1.306390e+01 -4.113199e+00 3.864402e+00 2.694349e+00 4.515700e+00 -1.176102e+01 1.580679e+01 -2.804945e+01 5.779292e+00 -4.439224e+00 1.954897e+00 4.728834e+00 
-2.583421e+00 1.800954e+00 1.163886e+00 -6.909706e+00 5.921365e+00 5.561767e-01 -1.205148e+01 3.707926e+01 -2.258612e+01 9.286660e+00 -1.215260e+01 1.121311e+01 -1.158868e+01 1.508827e+01 -1.059138e+01 2.944518e+00 2.105793e+01 -6.667217e+00 6.575747e+00 5.108755e+00 
2.256747e+00 2.047395e+00 -9.207401e+00 1.536433e+01 -7.527053e+00 -3.957544e+00 -1.306390e+01 -2.258612e+01 8.205405e+01 -2.079659e+01 1.173096e+01 -2.603642e+01 1.013764e+01 -2.221098e+01 -2.245375e+00 1.038351e+01 -1.406997e+01 7.684930e+00 -1.700321e+01 1.667379e+00 
-3.539373e+00 1.334395e+01 1.920485e+00 -1.012482e+01 -6.750874e+00 -1.837810e+00 -4.113199e+00 9.286660e+00 -2.079659e+01 4.737736e+01 -1.118572e+01 7.602449e+00 -2.919204e+01 -1.808740e+00 -8.380506e+00 2.577057e+01 -3.530198e+01 8.511855e+00 4.785889e+00 7.344378e+00 
5.092571e+00 -5.559422e+00 -7.874722e+00 1.667148e+00 6.168746e+00 2.547826e+00 3.864402e+00 -1.215260e+01 1.173096e+01 -1.118572e+01 3.062674e+01 -2.068087e+01 5.554017e+00 -1.205641e+01 7.009027e+00 -2.941096e+01 1.251934e+00 1.370853e+01 -2.176928e+01 3.989543e+00 
-1.870476e+01 -6.898150e+00 1.190589e+01 -5.859014e+00 1.189558e+01 -7.098688e+00 2.694349e+00 1.121311e+01 -2.603642e+01 7.602449e+00 -2.068087e+01 8.560875e+01 -1.941562e+01 2.876759e+01 7.799175e-01 -1.650581e+01 2.421532e+01 -9.279097e+00 6.568286e+00 -1.829691e+01 
-2.971283e+00 -1.020358e+01 2.037927e+00 -1.683247e+00 1.998996e+01 -2.388827e+00 4.515700e+00 -1.158868e+01 1.013764e+01 -2.919204e+01 5.554017e+00 -1.941562e+01 8.342023e+01 -1.620949e+01 -4.434927e+00 -6.317654e+00 3.653525e+01 -4.104041e+00 -1.773177e+01 -8.654712e+00 
-1.406002e+01 -4.969548e+00 1.790262e+01 -1.206311e+01 6.620843e-01 1.221066e+01 -1.176102e+01 1.508827e+01 -2.221098e+01 -1.808740e+00 -1.205641e+01 2.876759e+01 -1.620949e+01 7.590205e+01 -3.895249e+01 2.259391e+01 3.716652e+01 -1.428244e+01 5.078984e+00 -1.726719e+01 
1.598677e+01 -1.593288e+01 -4.928850e+00 1.046717e+01 9.386281e-01 -7.646346e+00 1.580679e+01 -1.059138e+01 -2.245375e+00 -8.380506e+00 7.009027e+00 7.799175e-01 -4.434927e+00 -3.895249e+01 7.573148e+01 -6.432048e+01 -4.766491e+00 -4.582274e+00 9.613307e+00 1.091454e+01 
-1.883603e+01 2.432758e+00 3.028487e+01 -2.485555e+01 -1.716970e+01 3.770738e+01 -2.804945e+01 2.944518e+00 1.038351e+01 2.577057e+01 -2.941096e+01 -1.650581e+01 -6.317654e+00 2.259391e+01 -6.432048e+01 4.157443e+02 -2.860532e+02 2.699256e+01 -1.513838e+01 1.564453e+01 
3.935268e+00 -1.359204e+01 -1.638848e+01 1.686255e+01 8.602753e+00 -2.819251e+01 5.779292e+00 2.105793e+01 -1.406997e+01 -3.530198e+01 1.251934e+00 2.421532e+01 3.653525e+01 3.716652e+01 -4.766491e+00 -2.860532e+02 3.644700e+02 -6.872625e+01 2.269578e+01 -3.038382e+00 
-1.007571e+00 6.818335e+00 -7.320155e+00 -3.991991e+00 -1.924783e+00 7.139710e-02 -4.439224e+00 -6.667217e+00 7.684930e+00 8.511855e+00 1.370853e+01 -9.279097e+00 -4.104041e+00 -1.428244e+01 -4.582274e+00 2.699256e+01 -6.872625e+01 5.626715e+01 -3.264677e+01 4.962614e+00 
8.550360e+00 4.884937e+00 2.955732e+00 1.345794e+00 -1.190697e+01 -8.930355e-01 1.954897e+00 6.575747e+00 -1.700321e+01 4.785889e+00 -2.176928e+01 6.568286e+00 -1.773177e+01 5.078984e+00 9.613307e+00 -1.513838e+01 2.269578e+01 -3.264677e+01 1.069301e+02 -2.011509e+01 
1.524016e+01 -1.201162e+01 -1.019643e+01 -1.366256e+00 1.645132e+00 3.592402e+00 4.728834e+00 5.108755e+00 1.667379e+00 7.344378e+00 3.989543e+00 -1.829691e+01 -8.654712e+00 -1.726719e+01 1.091454e+01 1.564453e+01 -3.038382e+00 4.962614e+00 -2.011509e+01 5.290938e+01 
detCovars
1.470335e-32 
dha dhe dhin ge ke na te tin tun 