priors
1.462550e-01 1.269297e-02 2.477606e-02 8.496284e-02 1.434343e-01 1.340957e-01 4.302649e-01 1.524681e-04 2.336573e-02 
means
-1.812099e-02 1.263463e-01 -1.280252e-01 4.336196e-02 6.261907e-02 -1.229022e-02 1.500247e-01 8.818552e-02 1.136091e-01 1.075901e-01 -2.744727e-02 -6.170645e-02 1.707652e-01 2.236460e-01 8.493781e-02 -7.528496e-03 -3.856562e-02 4.309004e-03 6.626052e-02 3.612947e-02 
-3.917252e-01 3.740378e-01 1.019838e-01 2.785300e-01 3.593106e-01 2.615383e-01 1.604574e-01 -2.113883e-04 9.894568e-03 9.229315e-02 5.715304e-02 2.828555e-02 -6.864864e-02 -1.585524e-01 8.148181e-02 6.801194e-02 1.414481e-01 1.415307e-01 2.405318e-02 -6.941460e-04 
2.217397e-01 3.893946e-01 8.265235e-02 1.946126e-01 5.893164e-02 8.869262e-02 8.482235e-02 -2.645673e-02 -9.725638e-02 7.092647e-02 1.930477e-01 6.602158e-02 -1.114158e-01 -7.089129e-02 9.184641e-02 1.717645e-01 1.655001e-01 -1.108224e-01 -1.240329e-01 -2.812860e-02 
4.528674e-01 3.836556e-01 3.403503e-02 1.088661e-01 8.538860e-02 3.158311e-02 2.055545e-01 -2.682803e-03 6.521187e-04 7.327550e-02 2.159355e-01 1.733750e-01 2.256267e-02 -2.025333e-02 1.191689e-01 1.538664e-01 1.345407e-01 9.803885e-02 7.633514e-04 -1.426420e-01 
-1.277421e-01 -4.319611e-02 -5.025489e-02 -6.290720e-02 2.199629e-02 -7.194299e-03 -1.042463e-02 7.206371e-02 4.366879e-02 -4.975464e-02 2.720517e-01 6.893249e-02 -1.258742e-01 -1.386631e-01 -6.127225e-03 9.990606e-02 8.369089e-02 -2.100966e-02 9.115260e-02 -7.203103e-02 
-2.167357e-01 -1.275436e-01 -2.227913e-01 -4.422865e-02 -4.956521e-02 -5.665867e-02 1.281062e-02 2.409345e-02 5.072220e-02 1.133891e-01 -3.538204e-02 -8.432930e-02 4.857730e-02 2.679301e-01 2.310064e-01 -4.307216e-02 -7.628124e-02 -5.075617e-02 -5.080735e-02 -1.144493e-02 
4.073847e-03 -1.114922e-01 1.113500e-01 -2.288187e-02 -4.469271e-02 4.034557e-03 -9.155413e-02 -5.439184e-02 -5.714195e-02 -7.080990e-02 -1.297128e-01 -1.420318e-02 -2.614718e-02 -1.048696e-01 -1.375667e-01 -6.320022e-02 -3.105213e-02 1.701326e-02 -2.056112e-02 5.082755e-02 
3.669136e-01 3.455108e-01 -1.203344e-01 3.645656e-01 4.159954e-01 4.592539e-01 3.622302e-01 3.641407e-01 3.059254e-01 2.270698e-01 6.253214e-02 1.278908e-01 -2.159196e-02 -9.293394e-04 1.798824e-01 2.271422e-01 2.288220e-01 2.212292e-01 -1.996361e-02 -2.093451e-01 
3.949738e-01 2.459496e-01 7.199883e-02 3.402526e-02 9.574556e-03 1.800099e-02 -1.895897e-01 -9.549528e-02 -1.246684e-01 -1.081118e-01 7.206031e-02 -8.037280e-03 -1.995522e-02 7.973028e-02 1.372625e-01 6.476447e-02 -5.811396e-03 -2.373058e-01 -1.882947e-01 -1.040018e-01 
covars
7.499185e-02 4.325953e-02 9.922318e-03 2.225475e-03 -1.147860e-02 -3.973693e-04 4.521759e-03 1.107945e-02 6.347829e-03 8.302527e-03 2.811267e-02 2.705293e-02 2.077339e-02 1.465666e-02 5.870072e-03 5.055178e-03 -5.485466e-04 -4.829635e-03 -3.635876e-03 -6.023202e-04 
4.325953e-02 7.494760e-02 1.378447e-02 1.124960e-02 1.645446e-02 -1.746766e-03 1.984014e-02 8.685710e-03 1.025201e-02 6.423338e-03 3.003923e-02 1.760647e-02 1.435824e-02 2.408916e-02 2.505179e-02 1.375385e-02 8.692689e-03 5.172681e-03 2.466061e-03 8.572883e-03 
9.922318e-03 1.378447e-02 5.930057e-02 1.782162e-02 7.851238e-03 7.993909e-03 -2.744691e-03 3.114080e-04 -1.174264e-03 -3.405412e-03 7.049680e-03 1.847086e-03 -5.765445e-03 -1.387648e-02 -4.240662e-03 1.726390e-03 7.477276e-03 1.227830e-02 3.225037e-03 7.740754e-03 
2.225475e-03 1.124960e-02 1.782162e-02 3.553254e-02 2.136958e-02 2.089525e-02 1.528306e-02 5.056071e-03 4.439790e-03 1.143040e-02 3.380844e-04 -2.037578e-03 -2.210750e-03 9.333549e-04 6.662468e-03 6.767395e-03 9.386920e-03 1.405905e-02 2.235858e-03 -3.476581e-03 
-1.147860e-02 1.645446e-02 7.851238e-03 2.136958e-02 8.658565e-02 4.265158e-02 4.500348e-02 -9.770736e-03 1.168608e-02 1.104122e-02 -3.951113e-02 -3.185840e-02 -4.466475e-02 -1.497846e-02 2.892768e-02 3.114656e-02 4.355502e-02 4.129938e-02 -4.491043e-03 -3.984416e-02 
-3.973693e-04 -1.746766e-03 7.993909e-03 2.089525e-02 4.265158e-02 6.918064e-02 3.932481e-02 3.985340e-03 1.271334e-02 1.672120e-02 -2.979268e-02 -1.514575e-02 -2.617187e-02 -2.075180e-02 1.444292e-02 1.870396e-02 3.163068e-02 3.185175e-02 -5.736022e-03 -3.661204e-02 
4.521759e-03 1.984014e-02 -2.744691e-03 1.528306e-02 4.500348e-02 3.932481e-02 6.798158e-02 1.693056e-02 2.282607e-02 2.034167e-02 -1.519617e-02 -1.389711e-02 -1.823985e-02 1.212255e-03 2.612097e-02 2.420758e-02 3.016963e-02 3.053280e-02 -3.425227e-03 -3.365987e-02 
1.107945e-02 8.685710e-03 3.114080e-04 5.056071e-03 -9.770736e-03 3.985340e-03 1.693056e-02 5.734047e-02 1.934081e-02 1.130107e-02 2.544283e-02 9.210194e-03 1.892884e-02 1.218795e-02 8.122107e-03 -2.033146e-03 -7.239385e-03 -2.614981e-03 2.811348e-03 -1.740630e-03 
6.347829e-03 1.025201e-02 -1.174264e-03 4.439790e-03 1.168608e-02 1.271334e-02 2.282607e-02 1.934081e-02 3.148933e-02 2.121436e-02 4.063208e-03 2.677498e-03 7.109569e-03 1.535592e-02 1.545683e-02 4.512392e-03 5.039828e-03 7.327080e-03 3.119661e-03 -5.434444e-03 
8.302527e-03 6.423338e-03 -3.405412e-03 1.143040e-02 1.104122e-02 1.672120e-02 2.034167e-02 1.130107e-02 2.121436e-02 5.490543e-02 1.652570e-02 1.132545e-03 1.575472e-02 1.765001e-02 2.119556e-02 8.021814e-03 9.447337e-03 5.066071e-03 1.701752e-03 -1.245395e-02 
2.811267e-02 3.003923e-02 7.049680e-03 3.380844e-04 -3.951113e-02 -2.979268e-02 -1.519617e-02 2.544283e-02 4.063208e-03 1.652570e-02 1.121133e-01 4.325626e-02 4.420384e-02 2.658790e-02 -1.551783e-03 -4.810074e-03 -2.079589e-02 -3.117842e-02 1.734016e-02 3.173640e-02 
2.705293e-02 1.760647e-02 1.847086e-03 -2.037578e-03 -3.185840e-02 -1.514575e-02 -1.389711e-02 9.210194e-03 2.677498e-03 1.132545e-03 4.325626e-02 4.268489e-02 3.212342e-02 1.140282e-02 -1.082680e-02 -1.006314e-02 -1.936569e-02 -1.904191e-02 7.687072e-03 2.769811e-02 
2.077339e-02 1.435824e-02 -5.765445e-03 -2.210750e-03 -4.466475e-02 -2.617187e-02 -1.823985e-02 1.892884e-02 7.109569e-03 1.575472e-02 4.420384e-02 3.212342e-02 6.407361e-02 3.950298e-02 -5.604578e-03 -2.271500e-02 -3.598224e-02 -2.703091e-02 1.235186e-02 4.083828e-02 
1.465666e-02 2.408916e-02 -1.387648e-02 9.333549e-04 -1.497846e-02 -2.075180e-02 1.212255e-03 1.218795e-02 1.535592e-02 1.765001e-02 2.658790e-02 1.140282e-02 3.950298e-02 6.270042e-02 1.832203e-02 -1.159926e-02 -2.211190e-02 -1.146586e-02 8.269967e-03 2.784257e-02 
5.870072e-03 2.505179e-02 -4.240662e-03 6.662468e-03 2.892768e-02 1.444292e-02 2.612097e-02 8.122107e-03 1.545683e-02 2.119556e-02 -1.551783e-03 -1.082680e-02 -5.604578e-03 1.832203e-02 5.307081e-02 2.483623e-02 2.666356e-02 2.384509e-02 -3.375296e-03 -2.375805e-02 
5.055178e-03 1.375385e-02 1.726390e-03 6.767395e-03 3.114656e-02 1.870396e-02 2.420758e-02 -2.033146e-03 4.512392e-03 8.021814e-03 -4.810074e-03 -1.006314e-02 -2.271500e-02 -1.159926e-02 2.483623e-02 2.955628e-02 3.380778e-02 2.444816e-02 -4.284993e-03 -2.985042e-02 
-5.485466e-04 8.692689e-03 7.477276e-03 9.386920e-03 4.355502e-02 3.163068e-02 3.016963e-02 -7.239385e-03 5.039828e-03 9.447337e-03 -2.079589e-02 -1.936569e-02 -3.598224e-02 -2.211190e-02 2.666356e-02 3.380778e-02 4.669155e-02 3.795643e-02 -6.606422e-03 -4.022649e-02 
-4.829635e-03 5.172681e-03 1.227830e-02 1.405905e-02 4.129938e-02 3.185175e-02 3.053280e-02 -2.614981e-03 7.327080e-03 5.066071e-03 -3.117842e-02 -1.904191e-02 -2.703091e-02 -1.146586e-02 2.384509e-02 2.444816e-02 3.795643e-02 6.192668e-02 2.565878e-03 -2.850073e-02 
-3.635876e-03 2.466061e-03 3.225037e-03 2.235858e-03 -4.491043e-03 -5.736022e-03 -3.425227e-03 2.811348e-03 3.119661e-03 1.701752e-03 1.734016e-02 7.687072e-03 1.235186e-02 8.269967e-03 -3.375296e-03 -4.284993e-03 -6.606422e-03 2.565878e-03 1.883878e-02 1.698257e-02 
-6.023202e-04 8.572883e-03 7.740754e-03 -3.476581e-03 -3.984416e-02 -3.661204e-02 -3.365987e-02 -1.740630e-03 -5.434444e-03 -1.245395e-02 3.173640e-02 2.769811e-02 4.083828e-02 2.784257e-02 -2.375805e-02 -2.985042e-02 -4.022649e-02 -2.850073e-02 1.698257e-02 7.444434e-02 
invCovars
3.545904e+01 -1.969413e+01 -7.708350e+00 6.241578e+00 6.244369e+00 -5.840273e+00 5.805425e+00 -2.578503e+00 2.547345e+00 -3.310188e+00 5.164335e+00 -1.828974e+01 -3.578439e+00 -1.384852e+01 1.583027e+01 -1.795241e+01 2.701391e+00 -8.182823e-01 8.303277e+00 1.516613e+01 
-1.969413e+01 4.632087e+01 -6.037061e+00 -2.507566e+00 -1.734501e+01 7.345722e+00 -1.262810e+01 2.065104e+00 3.197609e+00 1.275064e+01 -5.845461e+00 -7.470674e+00 -9.257195e+00 -4.847292e+00 -1.574816e+01 1.300744e+00 -1.207732e+01 6.370912e+00 4.576128e+00 -1.142113e+01 
-7.708350e+00 -6.037061e+00 3.258039e+01 -1.614369e+01 1.639681e+00 2.176294e+00 4.662222e+00 7.749987e-01 -8.546060e+00 1.629397e+00 -7.801641e+00 1.200164e+01 2.671098e+00 1.769129e+01 -4.273906e+00 2.867702e+01 -1.516963e+01 -7.620323e+00 2.441061e+00 -1.054388e+01 
6.241578e+00 -2.507566e+00 -1.614369e+01 5.354525e+01 -1.148830e+01 -1.451923e+01 4.321961e-01 -6.482234e+00 1.485217e+01 -9.734992e+00 1.767136e+00 -6.148625e+00 -2.381304e+00 -1.182336e+01 9.720333e+00 -2.424490e+01 1.758388e+01 -4.433920e+00 2.041964e+00 -1.290049e+00 
6.244369e+00 -1.734501e+01 1.639681e+00 -1.148830e+01 4.641783e+01 -6.334565e+00 -4.374177e+00 5.737454e+00 -8.752441e+00 -6.246679e+00 6.272005e+00 1.228035e+01 1.934506e+01 5.337914e-01 7.513857e-01 -1.602261e+01 6.809760e+00 -1.153374e+00 -1.169925e+01 1.209159e+00 
-5.840273e+00 7.345722e+00 2.176294e+00 -1.451923e+01 -6.334565e+00 3.969168e+01 -1.320778e+01 -1.635343e-01 -3.034256e+00 -2.377291e+00 2.701466e+00 -7.126832e+00 -1.549699e+00 1.113221e+01 -6.746501e+00 3.632149e+01 -2.799140e+01 3.817308e-01 -1.400837e+00 3.675685e+00 
5.805425e+00 -1.262810e+01 4.662222e+00 4.321961e-01 -4.374177e+00 -1.320778e+01 4.528876e+01 -1.077556e+01 -1.234572e+01 -4.279695e+00 3.374176e+00 2.099725e+00 3.755131e+00 -1.045396e+01 1.538646e+01 -2.812706e+01 7.262976e+00 -5.628806e+00 2.147666e+00 5.349898e+00 
-2.578503e+00 2.065104e+00 7.749987e-01 -6.482234e+00 5.737454e+00 -1.635343e-01 -1.077556e+01 3.574747e+01 -2.229237e+01 9.069333e+00 -1.172989e+01 1.110106e+01 -1.061061e+01 1.383866e+01 -1.020565e+01 1.881472e+00 2.092142e+01 -6.470906e+00 6.652929e+00 4.524584e+00 
2.547345e+00 3.197609e+00 -8.546060e+00 1.485217e+01 -8.752441e+00 -3.034256e+00 -1.234572e+01 -2.229237e+01 7.963333e+01 -1.970824e+01 1.192575e+01 -2.549649e+01 8.800728e+00 -2.206163e+01 -2.749461e+00 1.315238e+01 -1.668259e+01 8.391456e+00 -1.613072e+01 1.570551e+00 
-3.310188e+00 1.275064e+01 1.629397e+00 -9.734992e+00 -6.246679e+00 -2.377291e+00 -4.279695e+00 9.069333e+00 -1.970824e+01 4.700001e+01 -1.123245e+01 6.973804e+00 -2.838122e+01 -2.347457e+00 -7.866491e+00 2.433449e+01 -3.437009e+01 8.388108e+00 4.475030e+00 7.575764e+00 
5.164335e+00 -5.845461e+00 -7.801641e+00 1.767136e+00 6.272005e+00 2.701466e+00 3.374176e+00 -1.172989e+01 1.192575e+01 -1.123245e+01 3.100365e+01 -2.078525e+01 5.059123e+00 -1.182098e+01 6.854122e+00 -2.903896e+01 9.199207e-01 1.422460e+01 -2.244872e+01 4.306598e+00 
-1.828974e+01 -7.470674e+00 1.200164e+01 -6.148625e+00 1.228035e+01 -7.126832e+00 2.099725e+00 1.110106e+01 -2.549649e+01 6.973804e+00 -2.078525e+01 8.591841e+01 -1.912025e+01 2.903130e+01 1.152336e+00 -1.892842e+01 2.661379e+01 -9.611498e+00 6.476910e+00 -1.871433e+01 
-3.578439e+00 -9.257195e+00 2.671098e+00 -2.381304e+00 1.934506e+01 -1.549699e+00 3.755131e+00 -1.061061e+01 8.800728e+00 -2.838122e+01 5.059123e+00 -1.912025e+01 8.286423e+01 -1.486595e+01 -5.713904e+00 -3.009300e+00 3.519105e+01 -4.098534e+00 -1.755553e+01 -8.934641e+00 
-1.384852e+01 -4.847292e+00 1.769129e+01 -1.182336e+01 5.337914e-01 1.113221e+01 -1.045396e+01 1.383866e+01 -2.206163e+01 -2.347457e+00 -1.182098e+01 2.903130e+01 -1.486595e+01 7.513399e+01 -3.866301e+01 2.076588e+01 3.864593e+01 -1.412627e+01 5.037948e+00 -1.798601e+01 
1.583027e+01 -1.574816e+01 -4.273906e+00 9.720333e+00 7.513857e-01 -6.746501e+00 1.538646e+01 -1.020565e+01 -2.749461e+00 -7.866491e+00 6.854122e+00 1.152336e+00 -5.713904e+00 -3.866301e+01 7.563388e+01 -6.286289e+01 -6.187835e+00 -4.683191e+00 1.019604e+01 1.083833e+01 
-1.795241e+01 1.300744e+00 2.867702e+01 -2.424490e+01 -1.602261e+01 3.632149e+01 -2.812706e+01 1.881472e+00 1.315238e+01 2.433449e+01 -2.903896e+01 -1.892842e+01 -3.009300e+00 2.076588e+01 -6.286289e+01 4.128960e+02 -2.827729e+02 2.567514e+01 -1.596457e+01 1.671519e+01 
2.701391e+00 -1.207732e+01 -1.516963e+01 1.758388e+01 6.809760e+00 -2.799140e+01 7.262976e+00 2.092142e+01 -1.668259e+01 -3.437009e+01 9.199207e-01 2.661379e+01 3.519105e+01 3.864593e+01 -6.187835e+00 -2.827729e+02 3.619324e+02 -6.738965e+01 2.258191e+01 -4.296696e+00 
-8.182823e-01 6.370912e+00 -7.620323e+00 -4.433920e+00 -1.153374e+00 3.817308e-01 -5.628806e+00 -6.470906e+00 8.391456e+00 8.388108e+00 1.422460e+01 -9.611498e+00 -4.098534e+00 -1.412627e+01 -4.683191e+00 2.567514e+01 -6.738965e+01 5.587983e+01 -3.254047e+01 4.981342e+00 
8.303277e+00 4.576128e+00 2.441061e+00 2.041964e+00 -1.169925e+01 -1.400837e+00 2.147666e+00 6.652929e+00 -1.613072e+01 4.475030e+00 -2.244872e+01 6.476910e+00 -1.755553e+01 5.037948e+00 1.019604e+01 -1.596457e+01 2.258191e+01 -3.254047e+01 1.077155e+02 -1.994029e+01 
1.516613e+01 -1.142113e+01 -1.054388e+01 -1.290049e+00 1.209159e+00 3.675685e+00 5.349898e+00 4.524584e+00 1.570551e+00 7.575764e+00 4.306598e+00 -1.871433e+01 -8.934641e+00 -1.798601e+01 1.083833e+01 1.671519e+01 -4.296696e+00 4.981342e+00 -1.994029e+01 5.331925e+01 
detCovars
1.649455e-32 
dha dhe dhin ge ke na te tin tun 