priors
1.486766e-01 1.157759e-02 2.541613e-02 8.170584e-02 1.427124e-01 1.303941e-01 4.353877e-01 1.559272e-04 2.397380e-02 
means
-1.473453e-02 1.338274e-01 -1.333144e-01 4.083082e-02 5.540149e-02 -1.970290e-02 1.499003e-01 9.225002e-02 1.165673e-01 1.105904e-01 -1.594766e-02 -5.746563e-02 1.751507e-01 2.283556e-01 8.635939e-02 -6.146401e-03 -3.893219e-02 1.464761e-03 6.334734e-02 3.988559e-02 
-3.944213e-01 3.748872e-01 9.669908e-02 2.706197e-01 3.730367e-01 2.549116e-01 1.601156e-01 -5.695665e-03 1.368866e-02 9.952564e-02 6.371706e-02 2.614325e-02 -7.029575e-02 -1.499363e-01 8.454151e-02 6.968295e-02 1.437870e-01 1.402418e-01 2.160853e-02 -8.256384e-03 
2.257777e-01 3.914925e-01 8.042001e-02 1.913436e-01 5.506075e-02 8.276603e-02 8.156159e-02 -2.549770e-02 -9.725731e-02 7.144493e-02 2.000235e-01 7.075069e-02 -1.058137e-01 -6.416129e-02 9.335700e-02 1.700168e-01 1.610144e-01 -1.153748e-01 -1.215386e-01 -2.353594e-02 
4.583866e-01 3.761893e-01 2.776213e-02 1.107634e-01 9.323436e-02 4.400932e-02 2.204827e-01 -5.273815e-03 -2.335513e-03 7.243958e-02 2.087058e-01 1.673587e-01 1.709510e-02 -2.044911e-02 1.255661e-01 1.606168e-01 1.414838e-01 1.083589e-01 -6.596891e-04 -1.581401e-01 
-1.245473e-01 -4.066949e-02 -5.432008e-02 -6.490412e-02 2.407355e-02 -2.072564e-03 -8.816716e-03 6.844370e-02 4.470745e-02 -4.668291e-02 2.752679e-01 7.108349e-02 -1.255440e-01 -1.356636e-01 -4.244830e-03 9.991159e-02 8.506592e-02 -1.762841e-02 9.380523e-02 -7.149826e-02 
-2.291346e-01 -1.315770e-01 -2.233301e-01 -4.326238e-02 -4.244490e-02 -5.352391e-02 1.889928e-02 2.464610e-02 5.740664e-02 1.208157e-01 -4.399639e-02 -9.041164e-02 4.515506e-02 2.638769e-01 2.368381e-01 -3.834221e-02 -6.925249e-02 -4.982190e-02 -5.204387e-02 -2.037993e-02 
3.539903e-03 -1.101614e-01 1.138036e-01 -2.057424e-02 -4.506955e-02 2.762731e-03 -9.384487e-02 -5.352086e-02 -5.897902e-02 -7.322397e-02 -1.283934e-01 -1.269710e-02 -2.650003e-02 -1.056214e-01 -1.379872e-01 -6.463026e-02 -3.313064e-02 1.623347e-02 -1.967324e-02 5.299950e-02 
3.711529e-01 3.481971e-01 -1.219700e-01 3.638331e-01 4.142372e-01 4.551817e-01 3.613048e-01 3.655009e-01 3.053286e-01 2.282962e-01 6.837874e-02 1.322626e-01 -1.726607e-02 4.098231e-03 1.807790e-01 2.265081e-01 2.269391e-01 2.172446e-01 -1.793297e-02 -2.063025e-01 
4.012300e-01 2.479858e-01 7.225782e-02 2.869279e-02 3.508493e-03 1.167246e-02 -1.931964e-01 -9.621570e-02 -1.276912e-01 -1.074204e-01 7.675272e-02 -3.298796e-03 -1.523072e-02 8.445948e-02 1.385914e-01 6.287887e-02 -1.040195e-02 -2.441025e-01 -1.901312e-01 -1.041702e-01 
covars
7.445535e-02 4.290160e-02 9.720130e-03 2.488234e-03 -1.106288e-02 9.705742e-05 4.886680e-03 1.107604e-02 6.501702e-03 7.946313e-03 2.798052e-02 2.669939e-02 2.019891e-02 1.409810e-02 5.959603e-03 5.461261e-03 -1.434509e-04 -4.431274e-03 -4.118480e-03 -1.380251e-03 
4.290160e-02 7.381987e-02 1.287911e-02 1.034382e-02 1.659772e-02 -1.957928e-03 1.998191e-02 8.224842e-03 1.024846e-02 6.143776e-03 2.926427e-02 1.684277e-02 1.395360e-02 2.450850e-02 2.544546e-02 1.407548e-02 9.040323e-03 5.413794e-03 1.964262e-03 8.082091e-03 
9.720130e-03 1.287911e-02 5.975989e-02 1.729484e-02 6.849145e-03 7.145709e-03 -4.140666e-03 -1.167220e-04 -1.826953e-03 -3.842695e-03 7.253310e-03 1.824092e-03 -5.630976e-03 -1.363537e-02 -4.362039e-03 1.243264e-03 7.048541e-03 1.217942e-02 3.117310e-03 7.995712e-03 
2.488234e-03 1.034382e-02 1.729484e-02 3.487997e-02 2.038086e-02 1.998963e-02 1.436704e-02 4.395831e-03 3.792851e-03 1.135871e-02 6.524000e-05 -2.084429e-03 -1.974701e-03 1.258116e-03 6.536570e-03 6.613098e-03 9.228862e-03 1.399336e-02 2.169124e-03 -3.581872e-03 
-1.106288e-02 1.659772e-02 6.849145e-03 2.038086e-02 8.716319e-02 4.209660e-02 4.519842e-02 -1.058873e-02 1.132991e-02 1.119349e-02 -4.027926e-02 -3.225938e-02 -4.530400e-02 -1.432634e-02 2.975409e-02 3.168834e-02 4.412831e-02 4.132205e-02 -4.547602e-03 -4.060812e-02 
9.705742e-05 -1.957928e-03 7.145709e-03 1.998963e-02 4.209660e-02 6.795031e-02 3.846248e-02 3.706787e-03 1.215707e-02 1.650285e-02 -2.991153e-02 -1.489044e-02 -2.635639e-02 -2.081410e-02 1.482695e-02 1.889419e-02 3.179875e-02 3.157366e-02 -5.671738e-03 -3.721633e-02 
4.886680e-03 1.998191e-02 -4.140666e-03 1.436704e-02 4.519842e-02 3.846248e-02 6.864651e-02 1.666103e-02 2.300209e-02 2.061065e-02 -1.554996e-02 -1.401269e-02 -1.844664e-02 2.041726e-03 2.678945e-02 2.466864e-02 3.063073e-02 3.064320e-02 -3.476388e-03 -3.431755e-02 
1.107604e-02 8.224842e-03 -1.167220e-04 4.395831e-03 -1.058873e-02 3.706787e-03 1.666103e-02 5.759912e-02 1.934870e-02 1.136763e-02 2.542575e-02 9.116602e-03 1.942199e-02 1.239822e-02 8.252089e-03 -2.206536e-03 -7.379289e-03 -2.475893e-03 2.712776e-03 -1.972963e-03 
6.501702e-03 1.024846e-02 -1.826953e-03 3.792851e-03 1.132991e-02 1.215707e-02 2.300209e-02 1.934870e-02 3.174424e-02 2.138011e-02 4.086095e-03 2.767533e-03 7.477612e-03 1.616273e-02 1.598194e-02 4.578893e-03 5.014915e-03 7.361195e-03 3.113997e-03 -5.416297e-03 
7.946313e-03 6.143776e-03 -3.842695e-03 1.135871e-02 1.119349e-02 1.650285e-02 2.061065e-02 1.136763e-02 2.138011e-02 5.519365e-02 1.661017e-02 8.903129e-04 1.571875e-02 1.776053e-02 2.192436e-02 8.427617e-03 9.806318e-03 5.239438e-03 1.673037e-03 -1.305598e-02 
2.798052e-02 2.926427e-02 7.253310e-03 6.524000e-05 -4.027926e-02 -2.991153e-02 -1.554996e-02 2.542575e-02 4.086095e-03 1.661017e-02 1.136541e-01 4.333636e-02 4.487526e-02 2.691033e-02 -1.790501e-03 -4.898006e-03 -2.089549e-02 -3.103499e-02 1.750577e-02 3.208629e-02 
2.669939e-02 1.684277e-02 1.824092e-03 -2.084429e-03 -3.225938e-02 -1.489044e-02 -1.401269e-02 9.116602e-03 2.767533e-03 8.903129e-04 4.333636e-02 4.294749e-02 3.226204e-02 1.119616e-02 -1.117120e-02 -1.022400e-02 -1.953826e-02 -1.878017e-02 7.583082e-03 2.792564e-02 
2.019891e-02 1.395360e-02 -5.630976e-03 -1.974701e-03 -4.530400e-02 -2.635639e-02 -1.844664e-02 1.942199e-02 7.477612e-03 1.571875e-02 4.487526e-02 3.226204e-02 6.481778e-02 3.931322e-02 -5.737618e-03 -2.281029e-02 -3.623135e-02 -2.701712e-02 1.223606e-02 4.120628e-02 
1.409810e-02 2.450850e-02 -1.363537e-02 1.258116e-03 -1.432634e-02 -2.081410e-02 2.041726e-03 1.239822e-02 1.616273e-02 1.776053e-02 2.691033e-02 1.119616e-02 3.931322e-02 6.248569e-02 1.850222e-02 -1.098033e-02 -2.145855e-02 -1.103152e-02 8.188278e-03 2.754447e-02 
5.959603e-03 2.544546e-02 -4.362039e-03 6.536570e-03 2.975409e-02 1.482695e-02 2.678945e-02 8.252089e-03 1.598194e-02 2.192436e-02 -1.790501e-03 -1.117120e-02 -5.737618e-03 1.850222e-02 5.401912e-02 2.558297e-02 2.758391e-02 2.421158e-02 -3.535802e-03 -2.461302e-02 
5.461261e-03 1.407548e-02 1.243264e-03 6.613098e-03 3.168834e-02 1.889419e-02 2.466864e-02 -2.206536e-03 4.578893e-03 8.427617e-03 -4.898006e-03 -1.022400e-02 -2.281029e-02 -1.098033e-02 2.558297e-02 2.999155e-02 3.428001e-02 2.471467e-02 -4.280564e-03 -3.028340e-02 
-1.434509e-04 9.040323e-03 7.048541e-03 9.228862e-03 4.412831e-02 3.179875e-02 3.063073e-02 -7.379289e-03 5.014915e-03 9.806318e-03 -2.089549e-02 -1.953826e-02 -3.623135e-02 -2.145855e-02 2.758391e-02 3.428001e-02 4.722084e-02 3.821520e-02 -6.522241e-03 -4.074723e-02 
-4.431274e-03 5.413794e-03 1.217942e-02 1.399336e-02 4.132205e-02 3.157366e-02 3.064320e-02 -2.475893e-03 7.361195e-03 5.239438e-03 -3.103499e-02 -1.878017e-02 -2.701712e-02 -1.103152e-02 2.421158e-02 2.471467e-02 3.821520e-02 6.197546e-02 2.970306e-03 -2.853361e-02 
-4.118480e-03 1.964262e-03 3.117310e-03 2.169124e-03 -4.547602e-03 -5.671738e-03 -3.476388e-03 2.712776e-03 3.113997e-03 1.673037e-03 1.750577e-02 7.583082e-03 1.223606e-02 8.188278e-03 -3.535802e-03 -4.280564e-03 -6.522241e-03 2.970306e-03 1.903503e-02 1.713039e-02 
-1.380251e-03 8.082091e-03 7.995712e-03 -3.581872e-03 -4.060812e-02 -3.721633e-02 -3.431755e-02 -1.972963e-03 -5.416297e-03 -1.305598e-02 3.208629e-02 2.792564e-02 4.120628e-02 2.754447e-02 -2.461302e-02 -3.028340e-02 -4.074723e-02 -2.853361e-02 1.713039e-02 7.584125e-02 
invCovars
3.590019e+01 -2.050898e+01 -7.293603e+00 5.682340e+00 6.561791e+00 -5.987196e+00 6.010633e+00 -2.362241e+00 1.797142e+00 -3.310383e+00 4.839281e+00 -1.770726e+01 -3.620806e+00 -1.306107e+01 1.627761e+01 -1.865153e+01 3.544788e+00 -1.216910e+00 8.798342e+00 1.514640e+01 
-2.050898e+01 4.761424e+01 -6.130366e+00 -1.913893e+00 -1.768066e+01 7.248204e+00 -1.283715e+01 1.802973e+00 3.912350e+00 1.297960e+01 -5.672366e+00 -7.221924e+00 -9.137433e+00 -5.432514e+00 -1.628391e+01 1.094995e+00 -1.198772e+01 6.626544e+00 4.482392e+00 -1.186026e+01 
-7.293603e+00 -6.130366e+00 3.216968e+01 -1.610244e+01 1.426785e+00 2.405210e+00 4.922635e+00 8.613280e-01 -8.736458e+00 1.763951e+00 -8.036287e+00 1.155524e+01 2.699688e+00 1.748050e+01 -4.446626e+00 2.957323e+01 -1.538497e+01 -7.908969e+00 3.039288e+00 -9.990445e+00 
5.682340e+00 -1.913893e+00 -1.610244e+01 5.362750e+01 -1.106565e+01 -1.462299e+01 3.325708e-01 -6.312519e+00 1.566849e+01 -1.005134e+01 2.005070e+00 -5.920448e+00 -2.575524e+00 -1.253033e+01 1.009124e+01 -2.449249e+01 1.722544e+01 -4.626885e+00 1.997100e+00 -1.348147e+00 
6.561791e+00 -1.768066e+01 1.426785e+00 -1.106565e+01 4.630494e+01 -6.525038e+00 -4.339206e+00 5.902132e+00 -8.657001e+00 -6.310467e+00 6.269481e+00 1.211877e+01 1.928351e+01 5.129128e-01 8.067368e-01 -1.675527e+01 7.442094e+00 -1.067740e+00 -1.167531e+01 1.434522e+00 
-5.987196e+00 7.248204e+00 2.405210e+00 -1.462299e+01 -6.525038e+00 4.040351e+01 -1.266505e+01 -4.783139e-01 -3.124065e+00 -2.285552e+00 2.850930e+00 -7.466827e+00 -1.572999e+00 1.162928e+01 -7.054029e+00 3.712005e+01 -2.907919e+01 6.959952e-01 -2.060015e+00 3.958223e+00 
6.010633e+00 -1.283715e+01 4.922635e+00 3.325708e-01 -4.339206e+00 -1.266505e+01 4.484179e+01 -1.064448e+01 -1.270024e+01 -4.409307e+00 3.308494e+00 1.853803e+00 3.871012e+00 -1.052117e+01 1.594296e+01 -2.740814e+01 6.349648e+00 -5.683392e+00 2.421904e+00 5.375174e+00 
-2.362241e+00 1.802973e+00 8.613280e-01 -6.312519e+00 5.902132e+00 -4.783139e-01 -1.064448e+01 3.575142e+01 -2.231650e+01 9.107388e+00 -1.184230e+01 1.138432e+01 -1.060543e+01 1.415501e+01 -1.041207e+01 1.997251e+00 2.150163e+01 -6.952912e+00 6.836335e+00 4.639187e+00 
1.797142e+00 3.912350e+00 -8.736458e+00 1.566849e+01 -8.657001e+00 -3.124065e+00 -1.270024e+01 -2.231650e+01 8.042552e+01 -1.978225e+01 1.222804e+01 -2.559361e+01 8.723370e+00 -2.312005e+01 -3.086192e+00 1.308778e+01 -1.704207e+01 8.663501e+00 -1.641561e+01 1.062695e+00 
-3.310383e+00 1.297960e+01 1.763951e+00 -1.005134e+01 -6.310467e+00 -2.285552e+00 -4.409307e+00 9.107388e+00 -1.978225e+01 4.696441e+01 -1.115611e+01 6.971980e+00 -2.798872e+01 -1.807548e+00 -8.388944e+00 2.396398e+01 -3.327850e+01 8.316386e+00 4.293708e+00 7.451199e+00 
4.839281e+00 -5.672366e+00 -8.036287e+00 2.005070e+00 6.269481e+00 2.850930e+00 3.308494e+00 -1.184230e+01 1.222804e+01 -1.115611e+01 3.090831e+01 -2.060001e+01 4.779634e+00 -1.218096e+01 7.097415e+00 -2.860752e+01 -4.431144e-01 1.489849e+01 -2.322917e+01 4.362292e+00 
-1.770726e+01 -7.221924e+00 1.155524e+01 -5.920448e+00 1.211877e+01 -7.466827e+00 1.853803e+00 1.138432e+01 -2.559361e+01 6.971980e+00 -2.060001e+01 8.421893e+01 -1.849873e+01 2.852794e+01 1.189450e+00 -1.901856e+01 2.733726e+01 -1.009180e+01 6.944097e+00 -1.820952e+01 
-3.620806e+00 -9.137433e+00 2.699688e+00 -2.575524e+00 1.928351e+01 -1.572999e+00 3.871012e+00 -1.060543e+01 8.723370e+00 -2.798872e+01 4.779634e+00 -1.849873e+01 8.151703e+01 -1.451945e+01 -6.337436e+00 -3.499928e+00 3.537020e+01 -4.034165e+00 -1.684624e+01 -9.055795e+00 
-1.306107e+01 -5.432514e+00 1.748050e+01 -1.253033e+01 5.129128e-01 1.162928e+01 -1.052117e+01 1.415501e+01 -2.312005e+01 -1.807548e+00 -1.218096e+01 2.852794e+01 -1.451945e+01 7.492824e+01 -3.815973e+01 2.088468e+01 3.840251e+01 -1.436038e+01 5.267688e+00 -1.714701e+01 
1.627761e+01 -1.628391e+01 -4.446626e+00 1.009124e+01 8.067368e-01 -7.054029e+00 1.594296e+01 -1.041207e+01 -3.086192e+00 -8.388944e+00 7.097415e+00 1.189450e+00 -6.337436e+00 -3.815973e+01 7.615888e+01 -6.267494e+01 -7.136482e+00 -4.475674e+00 1.050518e+01 1.088679e+01 
-1.865153e+01 1.094995e+00 2.957323e+01 -2.449249e+01 -1.675527e+01 3.712005e+01 -2.740814e+01 1.997251e+00 1.308778e+01 2.396398e+01 -2.860752e+01 -1.901856e+01 -3.499928e+00 2.088468e+01 -6.267494e+01 4.118253e+02 -2.821455e+02 2.512851e+01 -1.569954e+01 1.615926e+01 
3.544788e+00 -1.198772e+01 -1.538497e+01 1.722544e+01 7.442094e+00 -2.907919e+01 6.349648e+00 2.150163e+01 -1.704207e+01 -3.327850e+01 -4.431144e-01 2.733726e+01 3.537020e+01 3.840251e+01 -7.136482e+00 -2.821455e+02 3.623275e+02 -6.807756e+01 2.363244e+01 -4.323380e+00 
-1.216910e+00 6.626544e+00 -7.908969e+00 -4.626885e+00 -1.067740e+00 6.959952e-01 -5.683392e+00 -6.952912e+00 8.663501e+00 8.316386e+00 1.489849e+01 -1.009180e+01 -4.034165e+00 -1.436038e+01 -4.475674e+00 2.512851e+01 -6.807756e+01 5.689752e+01 -3.405380e+01 4.878265e+00 
8.798342e+00 4.482392e+00 3.039288e+00 1.997100e+00 -1.167531e+01 -2.060015e+00 2.421904e+00 6.836335e+00 -1.641561e+01 4.293708e+00 -2.322917e+01 6.944097e+00 -1.684624e+01 5.267688e+00 1.050518e+01 -1.569954e+01 2.363244e+01 -3.405380e+01 1.085717e+02 -1.995266e+01 
1.514640e+01 -1.186026e+01 -9.990445e+00 -1.348147e+00 1.434522e+00 3.958223e+00 5.375174e+00 4.639187e+00 1.062695e+00 7.451199e+00 4.362292e+00 -1.820952e+01 -9.055795e+00 -1.714701e+01 1.088679e+01 1.615926e+01 -4.323380e+00 4.878265e+00 -1.995266e+01 5.234849e+01 
detCovars
1.743135e-32 
dha dhe dhin ge ke na te tin tun 