priors
1.513772e-01 1.273910e-02 2.268554e-02 8.527161e-02 1.438026e-01 1.226090e-01 4.400153e-01 1.530222e-04 2.134660e-02 
means
-1.071595e-02 1.353696e-01 -1.333543e-01 3.655040e-02 5.092939e-02 -2.129489e-02 1.454522e-01 8.766987e-02 1.115676e-01 1.045184e-01 -1.916811e-02 -5.572761e-02 1.770183e-01 2.334582e-01 8.730310e-02 -1.055588e-02 -4.549011e-02 -6.008974e-03 6.312803e-02 4.429981e-02 
-3.906761e-01 3.758585e-01 9.807006e-02 2.755189e-01 3.574409e-01 2.583957e-01 1.587968e-01 -7.218510e-04 7.494366e-03 8.944063e-02 5.873953e-02 2.773042e-02 -6.856110e-02 -1.542249e-01 8.533942e-02 6.739388e-02 1.389318e-01 1.358077e-01 2.126163e-02 -2.563362e-03 
2.226317e-01 3.708304e-01 8.573370e-02 2.050500e-01 7.252973e-02 9.914853e-02 8.781182e-02 -3.542301e-02 -9.873581e-02 8.204015e-02 1.955907e-01 5.518947e-02 -1.352261e-01 -8.185866e-02 1.020333e-01 1.887579e-01 1.848585e-01 -1.190605e-01 -1.532118e-01 -5.439286e-02 
4.553731e-01 3.854483e-01 3.036264e-02 1.051470e-01 8.271954e-02 2.901331e-02 2.039831e-01 -3.192004e-03 -1.726116e-03 7.036322e-02 2.177603e-01 1.727415e-01 2.265879e-02 -1.521455e-02 1.228683e-01 1.533052e-01 1.320041e-01 9.253394e-02 -1.964705e-03 -1.442457e-01 
-1.261449e-01 -4.022362e-02 -5.373172e-02 -6.738664e-02 1.926557e-02 -9.263543e-03 -1.229560e-02 7.139355e-02 4.141795e-02 -5.274789e-02 2.739665e-01 6.832967e-02 -1.258619e-01 -1.341867e-01 -1.829160e-03 9.931371e-02 8.113267e-02 -2.577658e-02 8.810989e-02 -7.387710e-02 
-2.435413e-01 -1.432523e-01 -2.186189e-01 -2.299424e-02 -1.351407e-02 -3.271792e-02 3.452919e-02 2.483436e-02 6.596598e-02 1.392714e-01 -5.594438e-02 -9.735517e-02 3.884810e-02 2.552576e-01 2.340412e-01 -3.449729e-02 -5.592229e-02 -2.396376e-02 -4.100562e-02 -2.060803e-02 
5.712114e-03 -1.100400e-01 1.090656e-01 -2.508530e-02 -5.121436e-02 -2.347554e-04 -9.645840e-02 -5.370575e-02 -5.962963e-02 -7.333120e-02 -1.250662e-01 -1.287928e-02 -2.464477e-02 -1.002225e-01 -1.339654e-01 -6.479036e-02 -3.538583e-02 1.098592e-02 -2.317134e-02 4.992056e-02 
3.692711e-01 3.474145e-01 -1.234586e-01 3.619137e-01 4.142911e-01 4.556188e-01 3.609687e-01 3.634442e-01 3.028216e-01 2.246408e-01 6.412669e-02 1.272819e-01 -2.149999e-02 4.208828e-03 1.833267e-01 2.266297e-01 2.265618e-01 2.151067e-01 -2.263516e-02 -2.108240e-01 
3.817235e-01 2.414499e-01 4.512560e-02 3.896297e-02 1.855984e-02 2.744198e-02 -1.641765e-01 -9.003801e-02 -1.147550e-01 -9.745709e-02 7.640134e-02 -6.608970e-03 -2.829960e-02 8.793435e-02 1.588791e-01 8.464602e-02 1.834521e-02 -1.982512e-01 -1.699257e-01 -9.005807e-02 
covars
7.488521e-02 4.319246e-02 9.378116e-03 2.237910e-03 -1.145529e-02 -7.298459e-04 5.014682e-03 1.121528e-02 6.982928e-03 9.291522e-03 2.844609e-02 2.734356e-02 2.110652e-02 1.487662e-02 5.812795e-03 5.288254e-03 -4.906357e-05 -3.865245e-03 -3.181525e-03 -2.659293e-04 
4.319246e-02 7.464473e-02 1.315488e-02 1.089975e-02 1.666429e-02 -2.275527e-03 2.026905e-02 8.709050e-03 1.108315e-02 7.312110e-03 3.046792e-02 1.769759e-02 1.483710e-02 2.470505e-02 2.530207e-02 1.407586e-02 9.167001e-03 5.662754e-03 2.691735e-03 8.823915e-03 
9.378116e-03 1.315488e-02 5.806903e-02 1.654478e-02 5.786907e-03 6.280258e-03 -4.114011e-03 2.878858e-04 -1.738544e-03 -4.050968e-03 7.901802e-03 2.035725e-03 -5.393547e-03 -1.266029e-02 -3.610861e-03 1.166540e-03 6.530012e-03 1.130472e-02 2.698300e-03 7.972636e-03 
2.237910e-03 1.089975e-02 1.654478e-02 3.455159e-02 1.950216e-02 1.937894e-02 1.405923e-02 4.785341e-03 3.695239e-03 1.077992e-02 9.032264e-04 -1.958177e-03 -1.685524e-03 2.489284e-03 7.321313e-03 6.202323e-03 8.234721e-03 1.260747e-02 1.507351e-03 -3.318134e-03 
-1.145529e-02 1.666429e-02 5.786907e-03 1.950216e-02 8.526201e-02 4.124959e-02 4.441051e-02 -1.021207e-02 1.067778e-02 9.849285e-03 -3.936301e-02 -3.219964e-02 -4.479102e-02 -1.295805e-02 3.045149e-02 3.085547e-02 4.256175e-02 3.940380e-02 -5.609941e-03 -4.043077e-02 
-7.298459e-04 -2.275527e-03 6.280258e-03 1.937894e-02 4.124959e-02 6.774749e-02 3.813811e-02 3.611332e-03 1.176909e-02 1.580485e-02 -2.987835e-02 -1.542637e-02 -2.623787e-02 -1.962157e-02 1.521178e-02 1.819005e-02 3.058972e-02 3.024576e-02 -6.601003e-03 -3.697546e-02 
5.014682e-03 2.026905e-02 -4.114011e-03 1.405923e-02 4.441051e-02 3.813811e-02 6.760087e-02 1.645555e-02 2.241487e-02 1.972744e-02 -1.516524e-02 -1.413681e-02 -1.817280e-02 2.739747e-03 2.689089e-02 2.396612e-02 2.932738e-02 2.874282e-02 -4.354409e-03 -3.412654e-02 
1.121528e-02 8.709050e-03 2.878858e-04 4.785341e-03 -1.021207e-02 3.611332e-03 1.645555e-02 5.726290e-02 1.911772e-02 1.103821e-02 2.547397e-02 9.152998e-03 1.905160e-02 1.219798e-02 8.152983e-03 -2.172725e-03 -7.475149e-03 -3.036021e-03 2.573303e-03 -1.958834e-03 
6.982928e-03 1.108315e-02 -1.738544e-03 3.695239e-03 1.067778e-02 1.176909e-02 2.241487e-02 1.911772e-02 3.110281e-02 2.065757e-02 4.442575e-03 2.814530e-03 7.583244e-03 1.643678e-02 1.592393e-02 4.243799e-03 4.325388e-03 6.093338e-03 2.599069e-03 -5.519880e-03 
9.291522e-03 7.312110e-03 -4.050968e-03 1.077992e-02 9.849285e-03 1.580485e-02 1.972744e-02 1.103821e-02 2.065757e-02 5.464901e-02 1.719445e-02 1.389723e-03 1.634133e-02 1.886825e-02 2.196193e-02 7.725557e-03 8.595128e-03 3.630800e-03 1.011606e-03 -1.276940e-02 
2.844609e-02 3.046792e-02 7.901802e-03 9.032264e-04 -3.936301e-02 -2.987835e-02 -1.516524e-02 2.547397e-02 4.442575e-03 1.719445e-02 1.129301e-01 4.343137e-02 4.452805e-02 2.628264e-02 -2.157505e-03 -4.739846e-03 -2.044861e-02 -3.073928e-02 1.754551e-02 3.182658e-02 
2.734356e-02 1.769759e-02 2.035725e-03 -1.958177e-03 -3.219964e-02 -1.542637e-02 -1.413681e-02 9.152998e-03 2.814530e-03 1.389723e-03 4.343137e-02 4.286893e-02 3.240748e-02 1.148056e-02 -1.112506e-02 -1.022866e-02 -1.955818e-02 -1.918379e-02 7.518625e-03 2.771273e-02 
2.110652e-02 1.483710e-02 -5.393547e-03 -1.685524e-03 -4.479102e-02 -2.623787e-02 -1.817280e-02 1.905160e-02 7.583244e-03 1.634133e-02 4.452805e-02 3.240748e-02 6.473851e-02 3.940326e-02 -5.962653e-03 -2.274932e-02 -3.603403e-02 -2.687775e-02 1.260382e-02 4.113196e-02 
1.487662e-02 2.470505e-02 -1.266029e-02 2.489284e-03 -1.295805e-02 -1.962157e-02 2.739747e-03 1.219798e-02 1.643678e-02 1.886825e-02 2.628264e-02 1.148056e-02 3.940326e-02 6.150491e-02 1.727336e-02 -1.095967e-02 -2.083474e-02 -9.918976e-03 9.256329e-03 2.786007e-02 
5.812795e-03 2.530207e-02 -3.610861e-03 7.321313e-03 3.045149e-02 1.521178e-02 2.689089e-02 8.152983e-03 1.592393e-02 2.196193e-02 -2.157505e-03 -1.112506e-02 -5.962653e-03 1.727336e-02 5.227958e-02 2.519752e-02 2.756966e-02 2.425194e-02 -3.202357e-03 -2.421683e-02 
5.288254e-03 1.407586e-02 1.166540e-03 6.202323e-03 3.085547e-02 1.819005e-02 2.396612e-02 -2.172725e-03 4.243799e-03 7.725557e-03 -4.739846e-03 -1.022866e-02 -2.274932e-02 -1.095967e-02 2.519752e-02 2.945964e-02 3.348006e-02 2.343973e-02 -4.877049e-03 -3.026669e-02 
-4.906357e-05 9.167001e-03 6.530012e-03 8.234721e-03 4.256175e-02 3.058972e-02 2.932738e-02 -7.475149e-03 4.325388e-03 8.595128e-03 -2.044861e-02 -1.955818e-02 -3.603403e-02 -2.083474e-02 2.756966e-02 3.348006e-02 4.582667e-02 3.606758e-02 -7.714623e-03 -4.087211e-02 
-3.865245e-03 5.662754e-03 1.130472e-02 1.260747e-02 3.940380e-02 3.024576e-02 2.874282e-02 -3.036021e-03 6.093338e-03 3.630800e-03 -3.073928e-02 -1.918379e-02 -2.687775e-02 -9.918976e-03 2.425194e-02 2.343973e-02 3.606758e-02 5.840707e-02 7.789209e-04 -2.924875e-02 
-3.181525e-03 2.691735e-03 2.698300e-03 1.507351e-03 -5.609941e-03 -6.601003e-03 -4.354409e-03 2.573303e-03 2.599069e-03 1.011606e-03 1.754551e-02 7.518625e-03 1.260382e-02 9.256329e-03 -3.202357e-03 -4.877049e-03 -7.714623e-03 7.789209e-04 1.779629e-02 1.663284e-02 
-2.659293e-04 8.823915e-03 7.972636e-03 -3.318134e-03 -4.043077e-02 -3.697546e-02 -3.412654e-02 -1.958834e-03 -5.519880e-03 -1.276940e-02 3.182658e-02 2.771273e-02 4.113196e-02 2.786007e-02 -2.421683e-02 -3.026669e-02 -4.087211e-02 -2.924875e-02 1.663284e-02 7.436420e-02 
invCovars
3.564571e+01 -2.034518e+01 -7.379812e+00 6.185138e+00 6.680657e+00 -5.848373e+00 5.754817e+00 -2.615560e+00 2.913132e+00 -3.582559e+00 5.153222e+00 -1.818698e+01 -3.053592e+00 -1.401722e+01 1.598642e+01 -1.718592e+01 2.643372e+00 -9.223985e-01 8.556725e+00 1.540611e+01 
-2.034518e+01 4.791686e+01 -5.996072e+00 -2.147536e+00 -1.796675e+01 7.560599e+00 -1.271484e+01 2.119540e+00 2.541503e+00 1.299020e+01 -6.150509e+00 -7.393408e+00 -1.012017e+01 -4.575506e+00 -1.618707e+01 6.739256e-01 -1.276103e+01 5.980276e+00 4.827060e+00 -1.261927e+01 
-7.379812e+00 -5.996072e+00 3.289719e+01 -1.622741e+01 1.629892e+00 2.737559e+00 4.612662e+00 5.116163e-01 -8.827637e+00 1.260611e+00 -7.689364e+00 1.146069e+01 2.760816e+00 1.789500e+01 -3.822652e+00 2.938587e+01 -1.658160e+01 -8.086295e+00 1.920406e+00 -1.084667e+01 
6.185138e+00 -2.147536e+00 -1.622741e+01 5.336302e+01 -1.091247e+01 -1.482791e+01 5.276950e-01 -6.324162e+00 1.533059e+01 -9.403497e+00 1.576504e+00 -6.054669e+00 -2.013837e+00 -1.269856e+01 9.085670e+00 -2.506310e+01 1.860858e+01 -4.469129e+00 3.061169e+00 -1.313069e+00 
6.680657e+00 -1.796675e+01 1.629892e+00 -1.091247e+01 4.712337e+01 -6.785078e+00 -4.741150e+00 5.817407e+00 -7.589215e+00 -6.099250e+00 6.235609e+00 1.188846e+01 2.042121e+01 -1.049093e-01 -3.378984e-01 -1.566690e+01 7.996566e+00 -1.101983e+00 -1.177754e+01 1.861838e+00 
-5.848373e+00 7.560599e+00 2.737559e+00 -1.482791e+01 -6.785078e+00 4.039907e+01 -1.316497e+01 -4.693233e-01 -3.532612e+00 -2.836586e+00 2.887176e+00 -7.120420e+00 -2.097312e+00 1.208717e+01 -5.986850e+00 3.722881e+01 -2.985391e+01 4.258170e-02 -2.339198e+00 3.105835e+00 
5.754817e+00 -1.271484e+01 4.612662e+00 5.276950e-01 -4.741150e+00 -1.316497e+01 4.531413e+01 -1.063356e+01 -1.264022e+01 -4.353954e+00 3.370293e+00 2.259630e+00 3.873352e+00 -1.072559e+01 1.585619e+01 -2.875047e+01 7.951205e+00 -5.420331e+00 2.661997e+00 5.460047e+00 
-2.615560e+00 2.119540e+00 5.116163e-01 -6.324162e+00 5.817407e+00 -4.693233e-01 -1.063356e+01 3.593379e+01 -2.201016e+01 9.457674e+00 -1.185892e+01 1.104882e+01 -1.030546e+01 1.373271e+01 -1.115971e+01 1.795964e+00 2.227695e+01 -6.344021e+00 6.955043e+00 5.191526e+00 
2.913132e+00 2.541503e+00 -8.827637e+00 1.533059e+01 -7.589215e+00 -3.532612e+00 -1.264022e+01 -2.201016e+01 8.024326e+01 -1.901336e+01 1.192921e+01 -2.527822e+01 8.897675e+00 -2.290685e+01 -3.479269e+00 1.245629e+01 -1.577506e+01 8.762064e+00 -1.584716e+01 2.000001e+00 
-3.582559e+00 1.299020e+01 1.260611e+00 -9.403497e+00 -6.099250e+00 -2.836586e+00 -4.353954e+00 9.457674e+00 -1.901336e+01 4.715306e+01 -1.136141e+01 6.748179e+00 -2.793704e+01 -2.643958e+00 -9.114599e+00 2.375657e+01 -3.206243e+01 8.576718e+00 5.136962e+00 8.194904e+00 
5.153222e+00 -6.150509e+00 -7.689364e+00 1.576504e+00 6.235609e+00 2.887176e+00 3.370293e+00 -1.185892e+01 1.192921e+01 -1.136141e+01 3.082844e+01 -2.052924e+01 4.909777e+00 -1.154916e+01 7.355886e+00 -2.775902e+01 -6.105121e-01 1.421149e+01 -2.290411e+01 4.179514e+00 
-1.818698e+01 -7.393408e+00 1.146069e+01 -6.054669e+00 1.188846e+01 -7.120420e+00 2.259630e+00 1.104882e+01 -2.527822e+01 6.748179e+00 -2.052924e+01 8.505398e+01 -1.865786e+01 2.841114e+01 1.489325e+00 -1.904455e+01 2.697728e+01 -9.451636e+00 6.794433e+00 -1.806355e+01 
-3.053592e+00 -1.012017e+01 2.760816e+00 -2.013837e+00 2.042121e+01 -2.097312e+00 3.873352e+00 -1.030546e+01 8.897675e+00 -2.793704e+01 4.909777e+00 -1.865786e+01 8.339274e+01 -1.507980e+01 -7.151913e+00 -4.452946e+00 3.794152e+01 -4.062090e+00 -1.701826e+01 -8.470373e+00 
-1.401722e+01 -4.575506e+00 1.789500e+01 -1.269856e+01 -1.049093e-01 1.208717e+01 -1.072559e+01 1.373271e+01 -2.290685e+01 -2.643958e+00 -1.154916e+01 2.841114e+01 -1.507980e+01 7.559622e+01 -3.743817e+01 2.161349e+01 3.622649e+01 -1.436545e+01 3.181139e+00 -1.822562e+01 
1.598642e+01 -1.618707e+01 -3.822652e+00 9.085670e+00 -3.378984e-01 -5.986850e+00 1.585619e+01 -1.115971e+01 -3.479269e+00 -9.114599e+00 7.355886e+00 1.489325e+00 -7.151913e+00 -3.743817e+01 7.863012e+01 -6.060929e+01 -1.103400e+01 -4.660293e+00 9.616488e+00 9.959766e+00 
-1.718592e+01 6.739256e-01 2.938587e+01 -2.506310e+01 -1.566690e+01 3.722881e+01 -2.875047e+01 1.795964e+00 1.245629e+01 2.375657e+01 -2.775902e+01 -1.904455e+01 -4.452946e+00 2.161349e+01 -6.060929e+01 4.107826e+02 -2.835713e+02 2.597396e+01 -1.762886e+01 1.653932e+01 
2.643372e+00 -1.276103e+01 -1.658160e+01 1.860858e+01 7.996566e+00 -2.985391e+01 7.951205e+00 2.227695e+01 -1.577506e+01 -3.206243e+01 -6.105121e-01 2.697728e+01 3.794152e+01 3.622649e+01 -1.103400e+01 -2.835713e+02 3.689147e+02 -6.675236e+01 2.555957e+01 -1.372718e+00 
-9.223985e-01 5.980276e+00 -8.086295e+00 -4.469129e+00 -1.101983e+00 4.258170e-02 -5.420331e+00 -6.344021e+00 8.762064e+00 8.576718e+00 1.421149e+01 -9.451636e+00 -4.062090e+00 -1.436545e+01 -4.660293e+00 2.597396e+01 -6.675236e+01 5.675857e+01 -3.221210e+01 5.808338e+00 
8.556725e+00 4.827060e+00 1.920406e+00 3.061169e+00 -1.177754e+01 -2.339198e+00 2.661997e+00 6.955043e+00 -1.584716e+01 5.136962e+00 -2.290411e+01 6.794433e+00 -1.701826e+01 3.181139e+00 9.616488e+00 -1.762886e+01 2.555957e+01 -3.221210e+01 1.108071e+02 -1.902432e+01 
1.540611e+01 -1.261927e+01 -1.084667e+01 -1.313069e+00 1.861838e+00 3.105835e+00 5.460047e+00 5.191526e+00 2.000001e+00 8.194904e+00 4.179514e+00 -1.806355e+01 -8.470373e+00 -1.822562e+01 9.959766e+00 1.653932e+01 -1.372718e+00 5.808338e+00 -1.902432e+01 5.507493e+01 
detCovars
1.225940e-32 
dha dhe dhin ge ke na te tin tun 