priors
1.499634e-01 1.237805e-02 2.464042e-02 8.333012e-02 1.395134e-01 1.342305e-01 4.322292e-01 1.542436e-04 2.356071e-02 
means
-1.379355e-02 1.307305e-01 -1.273180e-01 4.081756e-02 5.691404e-02 -1.649140e-02 1.489156e-01 8.959044e-02 1.130086e-01 1.082106e-01 -1.875863e-02 -5.655651e-02 1.743677e-01 2.249244e-01 8.452517e-02 -8.493653e-03 -4.075826e-02 2.170845e-04 6.696550e-02 4.074972e-02 
-3.916126e-01 3.756552e-01 1.081912e-01 2.846330e-01 3.709701e-01 2.686382e-01 1.652839e-01 1.125219e-03 1.411237e-02 9.551152e-02 4.721583e-02 2.416185e-02 -6.750433e-02 -1.541783e-01 8.327756e-02 6.908045e-02 1.431821e-01 1.473068e-01 2.945902e-02 -2.743316e-05 
2.260391e-01 3.934683e-01 8.405419e-02 1.928526e-01 5.717148e-02 9.184864e-02 8.535721e-02 -2.905448e-02 -1.010482e-01 7.402620e-02 1.960188e-01 6.682745e-02 -1.106955e-01 -7.174521e-02 9.343644e-02 1.735588e-01 1.684672e-01 -1.149443e-01 -1.283551e-01 -3.033196e-02 
4.527169e-01 3.823454e-01 3.376936e-02 1.110430e-01 9.146204e-02 3.456673e-02 2.056193e-01 1.058729e-03 5.573025e-03 7.277922e-02 2.123174e-01 1.721772e-01 2.013218e-02 -2.066203e-02 1.213717e-01 1.556432e-01 1.377950e-01 1.004666e-01 9.073867e-04 -1.461975e-01 
-1.266411e-01 -4.311219e-02 -5.248745e-02 -6.070599e-02 2.273646e-02 -3.483279e-03 -4.505300e-03 7.424143e-02 4.594039e-02 -5.245813e-02 2.688411e-01 6.911168e-02 -1.277557e-01 -1.401696e-01 -4.330996e-03 1.011314e-01 8.486741e-02 -1.441323e-02 9.120822e-02 -7.424307e-02 
-2.138484e-01 -1.252467e-01 -2.191527e-01 -4.324469e-02 -4.759998e-02 -5.169158e-02 1.570621e-02 2.449936e-02 5.010948e-02 1.141527e-01 -3.236021e-02 -8.331095e-02 4.711445e-02 2.651060e-01 2.316176e-01 -4.060849e-02 -7.332176e-02 -4.837027e-02 -5.025081e-02 -1.458173e-02 
1.408519e-03 -1.131000e-01 1.105482e-01 -2.362745e-02 -4.439999e-02 2.319986e-03 -9.380328e-02 -5.588546e-02 -5.853777e-02 -7.123808e-02 -1.281866e-01 -1.430420e-02 -2.850809e-02 -1.068629e-01 -1.385636e-01 -6.266584e-02 -3.056527e-02 1.552482e-02 -2.042032e-02 5.013828e-02 
3.645490e-01 3.452072e-01 -1.200214e-01 3.646966e-01 4.161557e-01 4.597503e-01 3.620673e-01 3.642742e-01 3.055351e-01 2.267696e-01 6.636244e-02 1.296999e-01 -2.117495e-02 -1.863449e-03 1.790410e-01 2.272430e-01 2.287817e-01 2.214820e-01 -1.831098e-02 -2.090974e-01 
3.959710e-01 2.482000e-01 7.829633e-02 3.313751e-02 7.934182e-03 1.507261e-02 -1.955087e-01 -1.005322e-01 -1.263659e-01 -1.080858e-01 8.228911e-02 -4.597426e-03 -1.861201e-02 7.756058e-02 1.381526e-01 6.642427e-02 -4.917113e-03 -2.392278e-01 -1.897394e-01 -1.062931e-01 
covars
7.462914e-02 4.359223e-02 9.573863e-03 1.947007e-03 -1.182336e-02 -1.236086e-03 3.916236e-03 1.128702e-02 6.583784e-03 8.250045e-03 2.885180e-02 2.730816e-02 2.121413e-02 1.521702e-02 6.068326e-03 4.849318e-03 -9.199652e-04 -5.545377e-03 -3.713129e-03 -2.657264e-04 
4.359223e-02 7.582966e-02 1.362667e-02 1.099193e-02 1.636076e-02 -2.129979e-03 1.973154e-02 8.930995e-03 1.074059e-02 6.641886e-03 3.053850e-02 1.780785e-02 1.504275e-02 2.505817e-02 2.552741e-02 1.361857e-02 8.438237e-03 4.670636e-03 2.480671e-03 9.039766e-03 
9.573863e-03 1.362667e-02 5.904239e-02 1.749732e-02 7.899113e-03 7.540707e-03 -3.288372e-03 -7.211214e-05 -1.147758e-03 -3.349972e-03 6.922153e-03 1.668365e-03 -5.936794e-03 -1.379495e-02 -4.117634e-03 1.645302e-03 7.386120e-03 1.177158e-02 2.994487e-03 7.746521e-03 
1.947007e-03 1.099193e-02 1.749732e-02 3.525418e-02 2.149519e-02 2.073969e-02 1.506538e-02 4.932017e-03 4.416121e-03 1.148621e-02 2.860055e-04 -2.181773e-03 -2.432234e-03 7.749488e-04 6.655870e-03 6.813700e-03 9.470268e-03 1.382585e-02 2.152132e-03 -3.662105e-03 
-1.182336e-02 1.636076e-02 7.899113e-03 2.149519e-02 8.731696e-02 4.304967e-02 4.552693e-02 -9.821712e-03 1.175275e-02 1.100293e-02 -4.005673e-02 -3.230358e-02 -4.515982e-02 -1.523189e-02 2.918816e-02 3.139637e-02 4.397279e-02 4.200037e-02 -4.467880e-03 -4.040001e-02 
-1.236086e-03 -2.129979e-03 7.540707e-03 2.073969e-02 4.304967e-02 6.902836e-02 3.955869e-02 4.179633e-03 1.281663e-02 1.647522e-02 -3.032878e-02 -1.548063e-02 -2.656838e-02 -2.090812e-02 1.474510e-02 1.888036e-02 3.186255e-02 3.227393e-02 -5.728641e-03 -3.698134e-02 
3.916236e-03 1.973154e-02 -3.288372e-03 1.506538e-02 4.552693e-02 3.955869e-02 6.851620e-02 1.725821e-02 2.316212e-02 2.055612e-02 -1.531506e-02 -1.415745e-02 -1.837770e-02 1.318741e-03 2.648243e-02 2.439786e-02 3.041667e-02 3.067196e-02 -3.220883e-03 -3.386397e-02 
1.128702e-02 8.930995e-03 -7.211214e-05 4.932017e-03 -9.821712e-03 4.179633e-03 1.725821e-02 5.736619e-02 1.950024e-02 1.160635e-02 2.589440e-02 9.339428e-03 1.915915e-02 1.241418e-02 8.182804e-03 -2.000037e-03 -7.274563e-03 -2.838224e-03 2.870502e-03 -1.798161e-03 
6.583784e-03 1.074059e-02 -1.147758e-03 4.416121e-03 1.175275e-02 1.281663e-02 2.316212e-02 1.950024e-02 3.158323e-02 2.131982e-02 4.398001e-03 2.819751e-03 7.198841e-03 1.545826e-02 1.571963e-02 4.663896e-03 5.165682e-03 7.458761e-03 3.208249e-03 -5.534122e-03 
8.250045e-03 6.641886e-03 -3.349972e-03 1.148621e-02 1.100293e-02 1.647522e-02 2.055612e-02 1.160635e-02 2.131982e-02 5.488615e-02 1.646280e-02 1.097362e-03 1.594104e-02 1.786686e-02 2.141625e-02 7.998713e-03 9.423558e-03 5.291648e-03 1.688006e-03 -1.247555e-02 
2.885180e-02 3.053850e-02 6.922153e-03 2.860055e-04 -4.005673e-02 -3.032878e-02 -1.531506e-02 2.589440e-02 4.398001e-03 1.646280e-02 1.120824e-01 4.343611e-02 4.512136e-02 2.752927e-02 -1.278135e-03 -5.214074e-03 -2.137726e-02 -3.148275e-02 1.706563e-02 3.243092e-02 
2.730816e-02 1.780785e-02 1.668365e-03 -2.181773e-03 -3.230358e-02 -1.548063e-02 -1.415745e-02 9.339428e-03 2.819751e-03 1.097362e-03 4.343611e-02 4.284808e-02 3.249474e-02 1.186938e-02 -1.077684e-02 -1.029128e-02 -1.967368e-02 -1.940170e-02 7.588353e-03 2.809592e-02 
2.121413e-02 1.504275e-02 -5.936794e-03 -2.432234e-03 -4.515982e-02 -2.656838e-02 -1.837770e-02 1.915915e-02 7.198841e-03 1.594104e-02 4.512136e-02 3.249474e-02 6.469153e-02 4.005957e-02 -5.462260e-03 -2.280074e-02 -3.626045e-02 -2.767486e-02 1.244158e-02 4.125219e-02 
1.521702e-02 2.505817e-02 -1.379495e-02 7.749488e-04 -1.523189e-02 -2.090812e-02 1.318741e-03 1.241418e-02 1.545826e-02 1.786686e-02 2.752927e-02 1.186938e-02 4.005957e-02 6.298432e-02 1.860033e-02 -1.153204e-02 -2.216820e-02 -1.179401e-02 8.410301e-03 2.806457e-02 
6.068326e-03 2.552741e-02 -4.117634e-03 6.655870e-03 2.918816e-02 1.474510e-02 2.648243e-02 8.182804e-03 1.571963e-02 2.141625e-02 -1.278135e-03 -1.077684e-02 -5.462260e-03 1.860033e-02 5.352730e-02 2.509099e-02 2.691992e-02 2.407601e-02 -3.291885e-03 -2.392277e-02 
4.849318e-03 1.361857e-02 1.645302e-03 6.813700e-03 3.139637e-02 1.888036e-02 2.439786e-02 -2.000037e-03 4.663896e-03 7.998713e-03 -5.214074e-03 -1.029128e-02 -2.280074e-02 -1.153204e-02 2.509099e-02 2.964163e-02 3.397688e-02 2.477261e-02 -4.350728e-03 -3.005329e-02 
-9.199652e-04 8.438237e-03 7.386120e-03 9.470268e-03 4.397279e-02 3.186255e-02 3.041667e-02 -7.274563e-03 5.165682e-03 9.423558e-03 -2.137726e-02 -1.967368e-02 -3.626045e-02 -2.216820e-02 2.691992e-02 3.397688e-02 4.698519e-02 3.846179e-02 -6.664242e-03 -4.054973e-02 
-5.545377e-03 4.670636e-03 1.177158e-02 1.382585e-02 4.200037e-02 3.227393e-02 3.067196e-02 -2.838224e-03 7.458761e-03 5.291648e-03 -3.148275e-02 -1.940170e-02 -2.767486e-02 -1.179401e-02 2.407601e-02 2.477261e-02 3.846179e-02 6.227763e-02 2.712200e-03 -2.908343e-02 
-3.713129e-03 2.480671e-03 2.994487e-03 2.152132e-03 -4.467880e-03 -5.728641e-03 -3.220883e-03 2.870502e-03 3.208249e-03 1.688006e-03 1.706563e-02 7.588353e-03 1.244158e-02 8.410301e-03 -3.291885e-03 -4.350728e-03 -6.664242e-03 2.712200e-03 1.897235e-02 1.714360e-02 
-2.657264e-04 9.039766e-03 7.746521e-03 -3.662105e-03 -4.040001e-02 -3.698134e-02 -3.386397e-02 -1.798161e-03 -5.534122e-03 -1.247555e-02 3.243092e-02 2.809592e-02 4.125219e-02 2.806457e-02 -2.392277e-02 -3.005329e-02 -4.054973e-02 -2.908343e-02 1.714360e-02 7.520332e-02 
invCovars
3.585522e+01 -1.979159e+01 -7.611884e+00 6.184198e+00 6.118672e+00 -5.682006e+00 5.923635e+00 -2.617742e+00 2.446979e+00 -3.252997e+00 4.974494e+00 -1.852711e+01 -3.493137e+00 -1.380351e+01 1.589358e+01 -1.788229e+01 2.626001e+00 -7.879679e-01 8.323006e+00 1.529644e+01 
-1.979159e+01 4.619152e+01 -6.149676e+00 -2.388070e+00 -1.739531e+01 7.309085e+00 -1.247470e+01 1.953340e+00 3.075243e+00 1.275122e+01 -5.596807e+00 -7.442846e+00 -9.380026e+00 -5.172210e+00 -1.558731e+01 1.407803e+00 -1.235583e+01 6.480495e+00 4.465654e+00 -1.138508e+01 
-7.611884e+00 -6.149676e+00 3.255125e+01 -1.612623e+01 1.641337e+00 2.269348e+00 4.770930e+00 9.299267e-01 -8.761320e+00 1.619631e+00 -7.791048e+00 1.208425e+01 2.621732e+00 1.782625e+01 -4.547357e+00 2.896289e+01 -1.521046e+01 -7.462047e+00 2.650518e+00 -1.044289e+01 
6.184198e+00 -2.388070e+00 -1.612623e+01 5.376756e+01 -1.167113e+01 -1.465640e+01 7.600559e-01 -6.622715e+00 1.501718e+01 -9.987732e+00 1.762107e+00 -6.301635e+00 -2.172371e+00 -1.205229e+01 1.011458e+01 -2.459978e+01 1.723438e+01 -4.108197e+00 1.926560e+00 -1.321368e+00 
6.118672e+00 -1.739531e+01 1.641337e+00 -1.167113e+01 4.647843e+01 -6.329788e+00 -4.589718e+00 5.971693e+00 -8.726413e+00 -6.159911e+00 5.982656e+00 1.260418e+01 1.934250e+01 7.302484e-01 6.821468e-01 -1.587029e+01 7.347301e+00 -1.518145e+00 -1.144338e+01 1.329665e+00 
-5.682006e+00 7.309085e+00 2.269348e+00 -1.465640e+01 -6.329788e+00 4.003985e+01 -1.334105e+01 -2.348967e-01 -3.214338e+00 -2.032822e+00 2.770667e+00 -7.228152e+00 -1.829260e+00 1.142980e+01 -7.164814e+00 3.656390e+01 -2.789399e+01 1.469503e-01 -1.172888e+00 3.716349e+00 
5.923635e+00 -1.247470e+01 4.770930e+00 7.600559e-01 -4.589718e+00 -1.334105e+01 4.532726e+01 -1.109579e+01 -1.226442e+01 -4.434569e+00 3.474095e+00 2.067743e+00 3.915432e+00 -1.065943e+01 1.548726e+01 -2.828381e+01 6.683753e+00 -5.060094e+00 1.641432e+00 5.003110e+00 
-2.617742e+00 1.953340e+00 9.299267e-01 -6.622715e+00 5.971693e+00 -2.348967e-01 -1.109579e+01 3.607396e+01 -2.233855e+01 9.059602e+00 -1.185539e+01 1.129828e+01 -1.070966e+01 1.402748e+01 -1.015189e+01 2.187038e+00 2.101077e+01 -6.630002e+00 6.688894e+00 4.571575e+00 
2.446979e+00 3.075243e+00 -8.761320e+00 1.501718e+01 -8.726413e+00 -3.214338e+00 -1.226442e+01 -2.233855e+01 7.994483e+01 -1.980301e+01 1.184698e+01 -2.571941e+01 9.051110e+00 -2.212549e+01 -2.778193e+00 1.271301e+01 -1.624908e+01 8.353661e+00 -1.623316e+01 1.703415e+00 
-3.252997e+00 1.275122e+01 1.619631e+00 -9.987732e+00 -6.159911e+00 -2.032822e+00 -4.434569e+00 9.059602e+00 -1.980301e+01 4.700581e+01 -1.113676e+01 6.941415e+00 -2.838166e+01 -2.262426e+00 -7.930403e+00 2.515403e+01 -3.465477e+01 8.172676e+00 4.553320e+00 7.642474e+00 
4.974494e+00 -5.596807e+00 -7.791048e+00 1.762107e+00 5.982656e+00 2.770667e+00 3.474095e+00 -1.185539e+01 1.184698e+01 -1.113676e+01 3.090299e+01 -2.074003e+01 4.975459e+00 -1.177292e+01 6.775716e+00 -2.933896e+01 1.267359e+00 1.403853e+01 -2.202174e+01 4.109693e+00 
-1.852711e+01 -7.442846e+00 1.208425e+01 -6.301635e+00 1.260418e+01 -7.228152e+00 2.067743e+00 1.129828e+01 -2.571941e+01 6.941415e+00 -2.074003e+01 8.610576e+01 -1.892980e+01 2.902557e+01 1.093824e+00 -1.849556e+01 2.654856e+01 -9.850524e+00 6.740220e+00 -1.879317e+01 
-3.493137e+00 -9.380026e+00 2.621732e+00 -2.172371e+00 1.934250e+01 -1.829260e+00 3.915432e+00 -1.070966e+01 9.051110e+00 -2.838166e+01 4.975459e+00 -1.892980e+01 8.278514e+01 -1.528743e+01 -5.476500e+00 -3.740431e+00 3.500552e+01 -3.642416e+00 -1.780028e+01 -8.796680e+00 
-1.380351e+01 -5.172210e+00 1.782625e+01 -1.205229e+01 7.302484e-01 1.142980e+01 -1.065943e+01 1.402748e+01 -2.212549e+01 -2.262426e+00 -1.177292e+01 2.902557e+01 -1.528743e+01 7.582100e+01 -3.913505e+01 2.164765e+01 3.853861e+01 -1.439325e+01 5.408793e+00 -1.779894e+01 
1.589358e+01 -1.558731e+01 -4.547357e+00 1.011458e+01 6.821468e-01 -7.164814e+00 1.548726e+01 -1.015189e+01 -2.778193e+00 -7.930403e+00 6.775716e+00 1.093824e+00 -5.476500e+00 -3.913505e+01 7.591992e+01 -6.409154e+01 -5.665836e+00 -4.501678e+00 9.921310e+00 1.070338e+01 
-1.788229e+01 1.407803e+00 2.896289e+01 -2.459978e+01 -1.587029e+01 3.656390e+01 -2.828381e+01 2.187038e+00 1.271301e+01 2.515403e+01 -2.933896e+01 -1.849556e+01 -3.740431e+00 2.164765e+01 -6.409154e+01 4.154701e+02 -2.841666e+02 2.591843e+01 -1.581167e+01 1.705093e+01 
2.626001e+00 -1.235583e+01 -1.521046e+01 1.723438e+01 7.347301e+00 -2.789399e+01 6.683753e+00 2.101077e+01 -1.624908e+01 -3.465477e+01 1.267359e+00 2.654856e+01 3.500552e+01 3.853861e+01 -5.665836e+00 -2.841666e+02 3.625325e+02 -6.784857e+01 2.303756e+01 -4.726840e+00 
-7.879679e-01 6.480495e+00 -7.462047e+00 -4.108197e+00 -1.518145e+00 1.469503e-01 -5.060094e+00 -6.630002e+00 8.353661e+00 8.172676e+00 1.403853e+01 -9.850524e+00 -3.642416e+00 -1.439325e+01 -4.501678e+00 2.591843e+01 -6.784857e+01 5.610030e+01 -3.289045e+01 5.107585e+00 
8.323006e+00 4.465654e+00 2.650518e+00 1.926560e+00 -1.144338e+01 -1.172888e+00 1.641432e+00 6.688894e+00 -1.623316e+01 4.553320e+00 -2.202174e+01 6.740220e+00 -1.780028e+01 5.408793e+00 9.921310e+00 -1.581167e+01 2.303756e+01 -3.289045e+01 1.071202e+02 -2.010675e+01 
1.529644e+01 -1.138508e+01 -1.044289e+01 -1.321368e+00 1.329665e+00 3.716349e+00 5.003110e+00 4.571575e+00 1.703415e+00 7.642474e+00 4.109693e+00 -1.879317e+01 -8.796680e+00 -1.779894e+01 1.070338e+01 1.705093e+01 -4.726840e+00 5.107585e+00 -2.010675e+01 5.297386e+01 
detCovars
1.618008e-32 
dha dhe dhin ge ke na te tin tun 