priors
1.572369e-01 1.387384e-02 2.766436e-02 9.286726e-02 1.259895e-01 1.477377e-01 4.083410e-01 1.666528e-04 2.612282e-02 
means
-2.123211e-02 1.112467e-01 -1.248082e-01 3.499952e-02 4.715982e-02 -1.599458e-02 1.416282e-01 9.220059e-02 1.059898e-01 1.029029e-01 -1.619986e-02 -5.777397e-02 1.686327e-01 2.063144e-01 6.931249e-02 -1.423270e-02 -4.464294e-02 -5.380867e-03 6.873747e-02 3.620771e-02 
-3.989156e-01 3.600394e-01 1.031002e-01 2.746505e-01 3.510472e-01 2.606205e-01 1.488940e-01 -1.271502e-04 3.043278e-03 8.262246e-02 6.346842e-02 3.250406e-02 -6.957573e-02 -1.710365e-01 6.104014e-02 5.949821e-02 1.345987e-01 1.324349e-01 2.967972e-02 4.001746e-03 
2.075374e-01 3.779000e-01 8.240903e-02 1.872647e-01 4.341790e-02 8.343700e-02 6.749316e-02 -2.485290e-02 -1.027661e-01 5.924511e-02 2.029969e-01 7.320476e-02 -1.061835e-01 -8.048375e-02 7.077696e-02 1.603214e-01 1.535111e-01 -1.182000e-01 -1.142295e-01 -1.751376e-02 
4.356930e-01 3.698723e-01 3.508263e-02 1.040743e-01 7.359223e-02 3.083261e-02 1.946123e-01 -2.598773e-03 -6.136469e-03 6.340220e-02 2.231995e-01 1.781887e-01 2.154479e-02 -3.478927e-02 9.956601e-02 1.461369e-01 1.276361e-01 8.928965e-02 6.261931e-03 -1.386131e-01 
-1.019810e-01 -4.275831e-02 -5.770145e-02 -5.604417e-02 1.446368e-03 1.126687e-03 4.557367e-03 8.922391e-02 5.807498e-02 -6.212046e-02 2.508434e-01 8.487546e-02 -1.139115e-01 -1.437453e-01 -8.577029e-03 9.763597e-02 7.572711e-02 2.622448e-03 8.984383e-02 -7.177738e-02 
-2.238141e-01 -1.507182e-01 -2.220687e-01 -5.003406e-02 -6.413527e-02 -5.926743e-02 -1.135844e-03 2.462740e-02 4.421788e-02 1.043569e-01 -2.804432e-02 -7.918834e-02 5.034967e-02 2.511233e-01 2.136817e-01 -5.358206e-02 -8.668151e-02 -6.119167e-02 -4.612792e-02 -5.136201e-03 
-3.688294e-03 -1.121290e-01 1.240611e-01 -2.571845e-02 -2.677573e-02 4.641897e-03 -9.615582e-02 -6.380369e-02 -5.839773e-02 -7.190803e-02 -1.329883e-01 -2.186477e-02 -4.218733e-02 -1.109397e-01 -1.382825e-01 -5.476716e-02 -1.767719e-02 2.249054e-02 -2.026241e-02 4.910618e-02 
3.507553e-01 3.308744e-01 -1.194432e-01 3.611488e-01 4.084631e-01 4.581923e-01 3.534459e-01 3.642556e-01 2.970658e-01 2.188350e-01 6.887965e-02 1.325179e-01 -2.256588e-02 -1.575198e-02 1.616306e-01 2.200821e-01 2.226697e-01 2.114984e-01 -1.457891e-02 -2.056297e-01 
3.840283e-01 2.333207e-01 8.018301e-02 2.814684e-02 -6.222471e-03 1.415632e-02 -2.096283e-01 -9.391808e-02 -1.281521e-01 -1.193513e-01 8.251969e-02 -1.069218e-03 -1.797714e-02 6.522643e-02 1.148992e-01 5.159824e-02 -1.919297e-02 -2.496901e-01 -1.864051e-01 -9.981207e-02 
covars
7.529656e-02 4.456134e-02 1.097440e-02 1.967660e-03 -1.232788e-02 -9.863534e-04 2.726852e-03 1.161211e-02 4.835419e-03 5.709882e-03 3.151541e-02 2.824070e-02 1.964925e-02 1.214772e-02 4.061975e-03 5.265241e-03 -6.120612e-04 -6.583238e-03 -3.124439e-03 -9.392829e-04 
4.456134e-02 7.807100e-02 1.535964e-02 1.192773e-02 1.508279e-02 -1.140041e-03 1.805931e-02 8.164944e-03 8.094433e-03 3.475220e-03 3.240651e-02 1.996915e-02 1.466628e-02 2.119996e-02 2.140035e-02 1.236363e-02 7.012524e-03 3.062072e-03 3.247687e-03 1.023596e-02 
1.097440e-02 1.535964e-02 6.216784e-02 1.917264e-02 1.069926e-02 1.023525e-02 -2.573884e-03 -1.453912e-03 -1.177270e-03 -2.547502e-03 5.467366e-03 2.019200e-03 -7.169980e-03 -1.497615e-02 -4.764668e-03 2.664059e-03 8.705295e-03 1.255948e-02 3.195696e-03 7.674797e-03 
1.967660e-03 1.192773e-02 1.917264e-02 3.685244e-02 2.352533e-02 2.268979e-02 1.657129e-02 5.675485e-03 4.848948e-03 1.192213e-02 3.058796e-04 -1.766593e-03 -3.023773e-03 -1.538551e-04 6.197254e-03 7.216520e-03 1.017013e-02 1.433745e-02 2.465995e-03 -3.774762e-03 
-1.232788e-02 1.508279e-02 1.069926e-02 2.352533e-02 9.121925e-02 4.586368e-02 4.744692e-02 -9.436241e-03 1.165800e-02 1.028995e-02 -4.372244e-02 -3.444327e-02 -4.678245e-02 -1.804497e-02 2.872360e-02 3.161866e-02 4.569017e-02 4.481286e-02 -4.639829e-03 -4.222172e-02 
-9.863534e-04 -1.140041e-03 1.023525e-02 2.268979e-02 4.586368e-02 7.126267e-02 4.272274e-02 6.097460e-03 1.361151e-02 1.639437e-02 -3.108086e-02 -1.645470e-02 -2.794213e-02 -2.122534e-02 1.610504e-02 2.058731e-02 3.443173e-02 3.563283e-02 -5.714094e-03 -3.836048e-02 
2.726852e-03 1.805931e-02 -2.573884e-03 1.657129e-02 4.744692e-02 4.272274e-02 7.171576e-02 1.862475e-02 2.306114e-02 2.191490e-02 -1.563685e-02 -1.472890e-02 -1.925081e-02 -1.638983e-03 2.611095e-02 2.533248e-02 3.205066e-02 3.211851e-02 -2.782583e-03 -3.612007e-02 
1.161211e-02 8.164944e-03 -1.453912e-03 5.675485e-03 -9.436241e-03 6.097460e-03 1.862475e-02 5.886276e-02 2.054780e-02 1.344485e-02 2.730146e-02 9.696112e-03 1.944425e-02 1.321777e-02 7.121368e-03 -2.287688e-03 -7.904974e-03 -3.653744e-03 3.265881e-03 -2.142258e-03 
4.835419e-03 8.094433e-03 -1.177270e-03 4.848948e-03 1.165800e-02 1.361151e-02 2.306114e-02 2.054780e-02 3.194477e-02 2.117823e-02 3.208350e-03 2.598176e-03 6.954760e-03 1.408624e-02 1.475709e-02 3.896534e-03 4.590999e-03 7.370494e-03 3.542038e-03 -5.659883e-03 
5.709882e-03 3.475220e-03 -2.547502e-03 1.192213e-02 1.028995e-02 1.639437e-02 2.191490e-02 1.344485e-02 2.117823e-02 5.450658e-02 1.531480e-02 1.985179e-04 1.542783e-02 1.625696e-02 1.980242e-02 6.808117e-03 8.664040e-03 5.911170e-03 1.885838e-03 -1.268027e-02 
3.151541e-02 3.240651e-02 5.467366e-03 3.058796e-04 -4.372244e-02 -3.108086e-02 -1.563685e-02 2.730146e-02 3.208350e-03 1.531480e-02 1.118660e-01 4.636373e-02 4.855748e-02 2.735621e-02 -3.162764e-03 -7.214817e-03 -2.511073e-02 -3.265042e-02 1.663489e-02 3.529213e-02 
2.824070e-02 1.996915e-02 2.019200e-03 -1.766593e-03 -3.444327e-02 -1.645470e-02 -1.472890e-02 9.696112e-03 2.598176e-03 1.985179e-04 4.636373e-02 4.527941e-02 3.380243e-02 1.223101e-02 -1.153089e-02 -1.074936e-02 -2.082283e-02 -2.008337e-02 8.206606e-03 3.009794e-02 
1.964925e-02 1.466628e-02 -7.169980e-03 -3.023773e-03 -4.678245e-02 -2.794213e-02 -1.925081e-02 1.944425e-02 6.954760e-03 1.542783e-02 4.855748e-02 3.380243e-02 6.550051e-02 4.068226e-02 -6.786943e-03 -2.390191e-02 -3.820547e-02 -2.983968e-02 1.365389e-02 4.276289e-02 
1.214772e-02 2.119996e-02 -1.497615e-02 -1.538551e-04 -1.804497e-02 -2.122534e-02 -1.638983e-03 1.321777e-02 1.408624e-02 1.625696e-02 2.735621e-02 1.223101e-02 4.068226e-02 6.098945e-02 1.646462e-02 -1.427589e-02 -2.518067e-02 -1.416354e-02 8.946900e-03 2.916753e-02 
4.061975e-03 2.140035e-02 -4.764668e-03 6.197254e-03 2.872360e-02 1.610504e-02 2.611095e-02 7.121368e-03 1.475709e-02 1.980242e-02 -3.162764e-03 -1.153089e-02 -6.786943e-03 1.646462e-02 5.229947e-02 2.427053e-02 2.660176e-02 2.429578e-02 -3.088195e-03 -2.468968e-02 
5.265241e-03 1.236363e-02 2.664059e-03 7.216520e-03 3.161866e-02 2.058731e-02 2.533248e-02 -2.287688e-03 3.896534e-03 6.808117e-03 -7.214817e-03 -1.074936e-02 -2.390191e-02 -1.427589e-02 2.427053e-02 3.031460e-02 3.529214e-02 2.642283e-02 -4.736361e-03 -3.159788e-02 
-6.120612e-04 7.012524e-03 8.705295e-03 1.017013e-02 4.569017e-02 3.443173e-02 3.205066e-02 -7.904974e-03 4.590999e-03 8.664040e-03 -2.511073e-02 -2.082283e-02 -3.820547e-02 -2.518067e-02 2.660176e-02 3.529214e-02 4.958759e-02 4.131187e-02 -7.277523e-03 -4.277320e-02 
-6.583238e-03 3.062072e-03 1.255948e-02 1.433745e-02 4.481286e-02 3.563283e-02 3.211851e-02 -3.653744e-03 7.370494e-03 5.911170e-03 -3.265042e-02 -2.008337e-02 -2.983968e-02 -1.416354e-02 2.429578e-02 2.642283e-02 4.131187e-02 6.507022e-02 3.589409e-03 -3.124022e-02 
-3.124439e-03 3.247687e-03 3.195696e-03 2.465995e-03 -4.639829e-03 -5.714094e-03 -2.782583e-03 3.265881e-03 3.542038e-03 1.885838e-03 1.663489e-02 8.206606e-03 1.365389e-02 8.946900e-03 -3.088195e-03 -4.736361e-03 -7.277523e-03 3.589409e-03 2.005035e-02 1.835126e-02 
-9.392829e-04 1.023596e-02 7.674797e-03 -3.774762e-03 -4.222172e-02 -3.836048e-02 -3.612007e-02 -2.142258e-03 -5.659883e-03 -1.268027e-02 3.529213e-02 3.009794e-02 4.276289e-02 2.916753e-02 -2.468968e-02 -3.159788e-02 -4.277320e-02 -3.124022e-02 1.835126e-02 7.940930e-02 
invCovars
3.484233e+01 -1.817391e+01 -7.549281e+00 6.818040e+00 4.752033e+00 -5.462065e+00 6.121548e+00 -3.253342e+00 2.798071e+00 -2.693833e+00 4.291938e+00 -1.807093e+01 -2.869955e+00 -1.397966e+01 1.480159e+01 -1.671139e+01 2.616262e-01 8.386766e-01 6.201761e+00 1.477471e+01 
-1.817391e+01 4.160537e+01 -5.683032e+00 -2.683131e+00 -1.548701e+01 6.589216e+00 -1.152763e+01 1.917672e+00 3.526208e+00 1.178361e+01 -5.439633e+00 -7.466462e+00 -7.643182e+00 -5.449649e+00 -1.271137e+01 1.259274e+00 -1.072182e+01 5.669606e+00 3.927844e+00 -9.804740e+00 
-7.549281e+00 -5.683032e+00 3.076548e+01 -1.572035e+01 1.770052e+00 1.487625e+00 4.786538e+00 1.262046e+00 -8.230415e+00 9.579531e-01 -6.685104e+00 1.162688e+01 2.243392e+00 1.730787e+01 -4.033100e+00 2.513506e+01 -1.246465e+01 -7.050309e+00 2.038547e+00 -9.852413e+00 
6.818040e+00 -2.683131e+00 -1.572035e+01 5.378713e+01 -1.253224e+01 -1.488832e+01 1.378470e+00 -6.988489e+00 1.475538e+01 -1.053733e+01 2.346854e+00 -8.355983e+00 -1.240998e+00 -1.293056e+01 1.068309e+01 -2.530607e+01 1.591647e+01 -2.322339e+00 1.149077e+00 -1.357372e+00 
4.752033e+00 -1.548701e+01 1.770052e+00 -1.253224e+01 4.378115e+01 -5.198054e+00 -5.148199e+00 6.296733e+00 -9.626503e+00 -4.253029e+00 4.638511e+00 1.424989e+01 1.677555e+01 1.848101e+00 -4.980590e-01 -1.048051e+01 4.936959e+00 -2.097185e+00 -9.819916e+00 1.119084e+00 
-5.462065e+00 6.589216e+00 1.487625e+00 -1.488832e+01 -5.198054e+00 3.970752e+01 -1.321273e+01 -1.098684e+00 -3.216554e+00 -7.284455e-01 2.579835e+00 -6.324025e+00 -1.812623e+00 1.091309e+01 -7.302553e+00 3.465312e+01 -2.586825e+01 -1.612619e+00 5.070921e-01 3.318335e+00 
6.121548e+00 -1.152763e+01 4.786538e+00 1.378470e+00 -5.148199e+00 -1.321273e+01 4.329101e+01 -1.053334e+01 -1.023769e+01 -6.146031e+00 3.403124e+00 1.001754e+00 3.644227e+00 -9.647387e+00 1.419305e+01 -2.915073e+01 7.099518e+00 -3.680182e+00 -7.259204e-02 4.632754e+00 
-3.253342e+00 1.917672e+00 1.262046e+00 -6.988489e+00 6.296733e+00 -1.098684e+00 -1.053334e+01 3.546758e+01 -2.261390e+01 8.669119e+00 -1.213353e+01 1.217323e+01 -9.662636e+00 1.213621e+01 -7.871522e+00 3.638835e+00 1.832834e+01 -6.484642e+00 6.683394e+00 4.317197e+00 
2.798071e+00 3.526208e+00 -8.230415e+00 1.475538e+01 -9.626503e+00 -3.216554e+00 -1.023769e+01 -2.261390e+01 7.770711e+01 -1.939785e+01 1.280661e+01 -2.672589e+01 8.740398e+00 -2.093527e+01 -3.382080e+00 8.945632e+00 -1.350818e+01 9.012666e+00 -1.598999e+01 1.471225e+00 
-2.693833e+00 1.178361e+01 9.579531e-01 -1.053733e+01 -4.253029e+00 -7.284455e-01 -6.146031e+00 8.669119e+00 -1.939785e+01 4.608476e+01 -1.197808e+01 7.931511e+00 -2.641858e+01 -1.869934e+00 -7.412524e+00 2.902091e+01 -3.535082e+01 7.027852e+00 4.422506e+00 7.832378e+00 
4.291938e+00 -5.439633e+00 -6.685104e+00 2.346854e+00 4.638511e+00 2.579835e+00 3.403124e+00 -1.213353e+01 1.280661e+01 -1.197808e+01 3.143124e+01 -2.075139e+01 3.858857e+00 -9.550707e+00 5.309148e+00 -3.288310e+01 7.248293e+00 1.223057e+01 -1.931072e+01 2.513631e+00 
-1.807093e+01 -7.466462e+00 1.162688e+01 -8.355983e+00 1.424989e+01 -6.324025e+00 1.001754e+00 1.217323e+01 -2.672589e+01 7.931511e+00 -2.075139e+01 8.480180e+01 -1.963139e+01 2.915745e+01 2.350752e-01 -1.327152e+01 2.292540e+01 -1.105966e+01 7.922496e+00 -1.820310e+01 
-2.869955e+00 -7.643182e+00 2.243392e+00 -1.240998e+00 1.677555e+01 -1.812623e+00 3.644227e+00 -9.662636e+00 8.740398e+00 -2.641858e+01 3.858857e+00 -1.963139e+01 8.075427e+01 -1.822208e+01 -2.913771e+00 -4.941943e+00 3.059387e+01 -1.353363e+00 -1.880067e+01 -7.128572e+00 
-1.397966e+01 -5.449649e+00 1.730787e+01 -1.293056e+01 1.848101e+00 1.091309e+01 -9.647387e+00 1.213621e+01 -2.093527e+01 -1.869934e+00 -9.550707e+00 2.915745e+01 -1.822208e+01 7.910432e+01 -4.111460e+01 2.453614e+01 3.854650e+01 -1.567903e+01 6.944416e+00 -1.742714e+01 
1.480159e+01 -1.271137e+01 -4.033100e+00 1.068309e+01 -4.980590e-01 -7.302553e+00 1.419305e+01 -7.871522e+00 -3.382080e+00 -7.412524e+00 5.309148e+00 2.350752e-01 -2.913771e+00 -4.111460e+01 7.326459e+01 -6.305951e+01 -5.367638e+00 -3.258009e+00 8.111431e+00 9.599188e+00 
-1.671139e+01 1.259274e+00 2.513506e+01 -2.530607e+01 -1.048051e+01 3.465312e+01 -2.915073e+01 3.638835e+00 8.945632e+00 2.902091e+01 -3.288310e+01 -1.327152e+01 -4.941943e+00 2.453614e+01 -6.305951e+01 4.052862e+02 -2.737069e+02 2.375694e+01 -1.576414e+01 1.980025e+01 
2.616262e-01 -1.072182e+01 -1.246465e+01 1.591647e+01 4.936959e+00 -2.586825e+01 7.099518e+00 1.832834e+01 -1.350818e+01 -3.535082e+01 7.248293e+00 2.292540e+01 3.059387e+01 3.854650e+01 -5.367638e+00 -2.737069e+02 3.453578e+02 -6.582742e+01 2.500037e+01 -8.183281e+00 
8.386766e-01 5.669606e+00 -7.050309e+00 -2.322339e+00 -2.097185e+00 -1.612619e+00 -3.680182e+00 -6.484642e+00 9.012666e+00 7.027852e+00 1.223057e+01 -1.105966e+01 -1.353363e+00 -1.567903e+01 -3.258009e+00 2.375694e+01 -6.582742e+01 5.597899e+01 -3.401167e+01 5.981053e+00 
6.201761e+00 3.927844e+00 2.038547e+00 1.149077e+00 -9.819916e+00 5.070921e-01 -7.259204e-02 6.683394e+00 -1.598999e+01 4.422506e+00 -1.931072e+01 7.922496e+00 -1.880067e+01 6.944416e+00 8.111431e+00 -1.576414e+01 2.500037e+01 -3.401167e+01 1.024123e+02 -2.001677e+01 
1.477471e+01 -9.804740e+00 -9.852413e+00 -1.357372e+00 1.119084e+00 3.318335e+00 4.632754e+00 4.317197e+00 1.471225e+00 7.832378e+00 2.513631e+00 -1.820310e+01 -7.128572e+00 -1.742714e+01 9.599188e+00 1.980025e+01 -8.183281e+00 5.981053e+00 -2.001677e+01 5.015299e+01 
detCovars
2.553255e-32 
dha dhe dhin ge ke na te tin tun 