priors
1.451963e-01 1.292100e-02 2.518237e-02 8.474313e-02 1.454291e-01 1.352631e-01 4.273630e-01 1.552072e-04 2.374670e-02 
means
-1.418808e-02 1.269761e-01 -1.275042e-01 3.945623e-02 5.840123e-02 -1.484190e-02 1.528394e-01 9.270788e-02 1.162518e-01 1.127024e-01 -2.266704e-02 -6.172065e-02 1.724280e-01 2.247278e-01 8.659209e-02 -5.578789e-03 -3.801684e-02 2.308411e-03 6.316361e-02 3.123387e-02 
-3.907839e-01 3.733449e-01 1.005987e-01 2.777614e-01 3.574827e-01 2.603627e-01 1.598467e-01 -6.164315e-05 1.032353e-02 9.401759e-02 5.779065e-02 2.986172e-02 -6.525362e-02 -1.565611e-01 7.966323e-02 6.615354e-02 1.392264e-01 1.392334e-01 2.527521e-02 2.732267e-03 
2.247519e-01 3.905292e-01 8.253457e-02 1.908710e-01 5.338414e-02 8.662850e-02 8.294770e-02 -2.631899e-02 -9.815741e-02 7.281512e-02 1.937943e-01 6.787255e-02 -1.066626e-01 -6.733248e-02 9.056228e-02 1.698762e-01 1.628097e-01 -1.145710e-01 -1.247743e-01 -2.538688e-02 
4.539797e-01 3.804971e-01 3.220801e-02 1.114699e-01 8.804743e-02 3.364570e-02 2.072898e-01 -2.423473e-03 3.086704e-03 7.444680e-02 2.108487e-01 1.727649e-01 2.252480e-02 -1.850326e-02 1.199600e-01 1.539229e-01 1.355631e-01 1.000646e-01 6.689409e-04 -1.439094e-01 
-1.270843e-01 -4.499038e-02 -5.172805e-02 -6.363652e-02 1.959074e-02 -7.554990e-03 -1.037216e-02 7.269665e-02 4.462932e-02 -4.772189e-02 2.725046e-01 7.029062e-02 -1.230707e-01 -1.363382e-01 -6.875381e-03 9.890455e-02 8.253263e-02 -2.030052e-02 9.309452e-02 -6.847867e-02 
-2.141352e-01 -1.276988e-01 -2.220193e-01 -4.594046e-02 -5.289092e-02 -5.513063e-02 1.296036e-02 2.433595e-02 5.022888e-02 1.142822e-01 -3.522894e-02 -8.385161e-02 4.912466e-02 2.687904e-01 2.308951e-01 -4.290507e-02 -7.629859e-02 -5.123839e-02 -5.112638e-02 -1.180978e-02 
2.230115e-03 -1.109241e-01 1.129573e-01 -2.072575e-02 -4.151712e-02 4.520612e-03 -9.277363e-02 -5.653014e-02 -5.880842e-02 -7.415520e-02 -1.329345e-01 -1.527450e-02 -2.760927e-02 -1.071888e-01 -1.392792e-01 -6.426598e-02 -3.127428e-02 1.836715e-02 -1.992446e-02 5.211256e-02 
3.690287e-01 3.447863e-01 -1.214400e-01 3.638888e-01 4.143293e-01 4.578941e-01 3.617663e-01 3.643450e-01 3.064801e-01 2.285382e-01 6.317299e-02 1.296196e-01 -1.802540e-02 1.435094e-03 1.782586e-01 2.256011e-01 2.268264e-01 2.187715e-01 -1.879410e-02 -2.066341e-01 
3.964310e-01 2.454130e-01 7.177086e-02 2.942942e-02 3.338117e-03 1.309381e-02 -1.922406e-01 -9.910958e-02 -1.264176e-01 -1.087976e-01 7.297035e-02 -6.177950e-03 -1.517191e-02 8.149954e-02 1.353822e-01 6.246000e-02 -9.222982e-03 -2.412660e-01 -1.902382e-01 -1.018415e-01 
covars
7.530860e-02 4.359925e-02 9.803346e-03 2.348379e-03 -1.139990e-02 -6.077455e-04 4.505098e-03 1.088574e-02 6.435299e-03 7.910911e-03 2.789003e-02 2.699879e-02 2.075704e-02 1.480978e-02 5.994270e-03 5.013911e-03 -6.747556e-04 -5.063872e-03 -3.919673e-03 -7.491138e-04 
4.359925e-02 7.527000e-02 1.385729e-02 1.099543e-02 1.609673e-02 -2.189687e-03 1.968290e-02 8.566502e-03 1.039568e-02 6.515686e-03 3.005410e-02 1.772315e-02 1.455154e-02 2.437746e-02 2.503911e-02 1.368764e-02 8.544484e-03 4.858625e-03 2.132181e-03 8.791272e-03 
9.803346e-03 1.385729e-02 5.971565e-02 1.824730e-02 7.998889e-03 7.723357e-03 -3.215805e-03 3.033571e-05 -1.288733e-03 -3.566688e-03 6.904275e-03 1.948216e-03 -5.570542e-03 -1.382682e-02 -4.447991e-03 1.488142e-03 7.324103e-03 1.232051e-02 3.334462e-03 8.214886e-03 
2.348379e-03 1.099543e-02 1.824730e-02 3.591623e-02 2.127619e-02 2.107752e-02 1.518451e-02 5.079551e-03 4.372457e-03 1.161466e-02 4.239114e-04 -1.923848e-03 -2.177804e-03 7.201345e-04 6.441299e-03 6.784672e-03 9.474326e-03 1.414381e-02 2.186082e-03 -3.610244e-03 
-1.139990e-02 1.609673e-02 7.998889e-03 2.127619e-02 8.760622e-02 4.339655e-02 4.565541e-02 -9.840780e-03 1.196007e-02 1.168898e-02 -4.022500e-02 -3.230906e-02 -4.515137e-02 -1.522585e-02 2.911477e-02 3.154698e-02 4.420833e-02 4.171587e-02 -4.485355e-03 -4.039239e-02 
-6.077455e-04 -2.189687e-03 7.723357e-03 2.107752e-02 4.339655e-02 6.993831e-02 3.993712e-02 3.814578e-03 1.294136e-02 1.717948e-02 -3.023636e-02 -1.538748e-02 -2.648889e-02 -2.083342e-02 1.456166e-02 1.884794e-02 3.201502e-02 3.219052e-02 -5.611825e-03 -3.698305e-02 
4.505098e-03 1.968290e-02 -3.215805e-03 1.518451e-02 4.565541e-02 3.993712e-02 6.907451e-02 1.715982e-02 2.320527e-02 2.101347e-02 -1.554207e-02 -1.422921e-02 -1.853710e-02 1.284947e-03 2.650001e-02 2.453928e-02 3.069761e-02 3.088557e-02 -3.484063e-03 -3.425066e-02 
1.088574e-02 8.566502e-03 3.033571e-05 5.079551e-03 -9.840780e-03 3.814578e-03 1.715982e-02 5.782873e-02 1.951703e-02 1.125276e-02 2.567338e-02 9.264094e-03 1.905309e-02 1.225930e-02 8.086204e-03 -2.090357e-03 -7.365367e-03 -2.602375e-03 2.889139e-03 -1.754235e-03 
6.435299e-03 1.039568e-02 -1.288733e-03 4.372457e-03 1.196007e-02 1.294136e-02 2.320527e-02 1.951703e-02 3.174420e-02 2.144260e-02 4.141586e-03 2.648190e-03 6.957169e-03 1.540888e-02 1.573283e-02 4.694001e-03 5.305517e-03 7.552958e-03 3.101318e-03 -5.736233e-03 
7.910911e-03 6.515686e-03 -3.566688e-03 1.161466e-02 1.168898e-02 1.717948e-02 2.101347e-02 1.125276e-02 2.144260e-02 5.504462e-02 1.627775e-02 7.468962e-04 1.547466e-02 1.760157e-02 2.162124e-02 8.351741e-03 9.850887e-03 5.318185e-03 1.752956e-03 -1.297316e-02 
2.789003e-02 3.005410e-02 6.904275e-03 4.239114e-04 -4.022500e-02 -3.023636e-02 -1.554207e-02 2.567338e-02 4.141586e-03 1.627775e-02 1.132435e-01 4.375685e-02 4.487113e-02 2.690098e-02 -1.807760e-03 -4.982538e-03 -2.123184e-02 -3.147906e-02 1.756491e-02 3.240468e-02 
2.699879e-02 1.772315e-02 1.948216e-03 -1.923848e-03 -3.230906e-02 -1.538748e-02 -1.422921e-02 9.264094e-03 2.648190e-03 7.468962e-04 4.375685e-02 4.309342e-02 3.236159e-02 1.137440e-02 -1.095666e-02 -1.020947e-02 -1.960653e-02 -1.917532e-02 7.769057e-03 2.817212e-02 
2.075704e-02 1.455154e-02 -5.570542e-03 -2.177804e-03 -4.515137e-02 -2.648889e-02 -1.853710e-02 1.905309e-02 6.957169e-03 1.547466e-02 4.487113e-02 3.236159e-02 6.432548e-02 3.946265e-02 -5.702812e-03 -2.280785e-02 -3.621881e-02 -2.708878e-02 1.225964e-02 4.088773e-02 
1.480978e-02 2.437746e-02 -1.382682e-02 7.201345e-04 -1.522585e-02 -2.083342e-02 1.284947e-03 1.225930e-02 1.540888e-02 1.760157e-02 2.690098e-02 1.137440e-02 3.946265e-02 6.292748e-02 1.855753e-02 -1.146861e-02 -2.210120e-02 -1.149369e-02 8.024944e-03 2.754594e-02 
5.994270e-03 2.503911e-02 -4.447991e-03 6.441299e-03 2.911477e-02 1.456166e-02 2.650001e-02 8.086204e-03 1.573283e-02 2.162124e-02 -1.807760e-03 -1.095666e-02 -5.702812e-03 1.855753e-02 5.365693e-02 2.516489e-02 2.698539e-02 2.395068e-02 -3.499997e-03 -2.417645e-02 
5.013911e-03 1.368764e-02 1.488142e-03 6.784672e-03 3.154698e-02 1.884794e-02 2.453928e-02 -2.090357e-03 4.694001e-03 8.351741e-03 -4.982538e-03 -1.020947e-02 -2.280785e-02 -1.146861e-02 2.516489e-02 2.985731e-02 3.417596e-02 2.462148e-02 -4.233508e-03 -3.003873e-02 
-6.747556e-04 8.544484e-03 7.324103e-03 9.474326e-03 4.420833e-02 3.201502e-02 3.069761e-02 -7.365367e-03 5.305517e-03 9.850887e-03 -2.123184e-02 -1.960653e-02 -3.621881e-02 -2.210120e-02 2.698539e-02 3.417596e-02 4.724024e-02 3.824018e-02 -6.520505e-03 -4.053389e-02 
-5.063872e-03 4.858625e-03 1.232051e-02 1.414381e-02 4.171587e-02 3.219052e-02 3.088557e-02 -2.602375e-03 7.552958e-03 5.318185e-03 -3.147906e-02 -1.917532e-02 -2.708878e-02 -1.149369e-02 2.395068e-02 2.462148e-02 3.824018e-02 6.222959e-02 2.824982e-03 -2.858917e-02 
-3.919673e-03 2.132181e-03 3.334462e-03 2.186082e-03 -4.485355e-03 -5.611825e-03 -3.484063e-03 2.889139e-03 3.101318e-03 1.752956e-03 1.756491e-02 7.769057e-03 1.225964e-02 8.024944e-03 -3.499997e-03 -4.233508e-03 -6.520505e-03 2.824982e-03 1.909252e-02 1.698378e-02 
-7.491138e-04 8.791272e-03 8.214886e-03 -3.610244e-03 -4.039239e-02 -3.698305e-02 -3.425066e-02 -1.754235e-03 -5.736233e-03 -1.297316e-02 3.240468e-02 2.817212e-02 4.088773e-02 2.754594e-02 -2.417645e-02 -3.003873e-02 -4.053389e-02 -2.858917e-02 1.698378e-02 7.521243e-02 
invCovars
3.517906e+01 -1.947952e+01 -7.682932e+00 6.194619e+00 6.031823e+00 -5.845732e+00 5.678022e+00 -2.458300e+00 2.416393e+00 -3.087495e+00 5.113004e+00 -1.822481e+01 -3.567153e+00 -1.357278e+01 1.553450e+01 -1.805578e+01 3.265724e+00 -7.893939e-01 8.276729e+00 1.521560e+01 
-1.947952e+01 4.579462e+01 -6.075727e+00 -2.381868e+00 -1.694029e+01 7.415046e+00 -1.250455e+01 2.107159e+00 2.996746e+00 1.238747e+01 -5.685681e+00 -7.262572e+00 -9.064741e+00 -4.931252e+00 -1.537459e+01 1.096480e+00 -1.183308e+01 6.293374e+00 4.883038e+00 -1.141697e+01 
-7.682932e+00 -6.075727e+00 3.270344e+01 -1.644830e+01 1.356193e+00 2.417602e+00 4.791966e+00 8.343350e-01 -8.475199e+00 1.785496e+00 -7.802906e+00 1.196575e+01 2.477111e+00 1.764721e+01 -4.505730e+00 2.972230e+01 -1.588974e+01 -7.590376e+00 2.296722e+00 -1.042231e+01 
6.194619e+00 -2.381868e+00 -1.644830e+01 5.310043e+01 -1.104921e+01 -1.444809e+01 5.720520e-01 -6.575761e+00 1.494547e+01 -9.908246e+00 1.863152e+00 -6.491172e+00 -2.270294e+00 -1.201110e+01 1.001367e+01 -2.464573e+01 1.758102e+01 -4.479513e+00 2.379322e+00 -9.424683e-01 
6.031823e+00 -1.694029e+01 1.356193e+00 -1.104921e+01 4.581486e+01 -6.493904e+00 -4.325024e+00 5.612642e+00 -8.710728e+00 -6.137440e+00 6.224861e+00 1.241874e+01 1.894054e+01 5.910877e-01 8.970433e-01 -1.670806e+01 7.127598e+00 -1.106991e+00 -1.170971e+01 1.044823e+00 
-5.845732e+00 7.415046e+00 2.417602e+00 -1.444809e+01 -6.493904e+00 3.948757e+01 -1.314682e+01 1.594667e-02 -3.033798e+00 -2.396426e+00 2.476430e+00 -7.121661e+00 -1.379379e+00 1.102319e+01 -6.791677e+00 3.661689e+01 -2.788775e+01 2.149495e-01 -1.351218e+00 3.527189e+00 
5.678022e+00 -1.250455e+01 4.791966e+00 5.720520e-01 -4.325024e+00 -1.314682e+01 4.473352e+01 -1.083004e+01 -1.199185e+01 -4.470851e+00 3.326120e+00 2.032254e+00 3.867572e+00 -1.026385e+01 1.512593e+01 -2.734138e+01 6.878654e+00 -5.629327e+00 2.201379e+00 5.142522e+00 
-2.458300e+00 2.107159e+00 8.343350e-01 -6.575761e+00 5.612642e+00 1.594667e-02 -1.083004e+01 3.553948e+01 -2.237366e+01 9.221154e+00 -1.161169e+01 1.106301e+01 -1.062227e+01 1.388321e+01 -1.012676e+01 1.701439e+00 2.078400e+01 -6.334907e+00 6.388459e+00 4.449509e+00 
2.416393e+00 2.996746e+00 -8.475199e+00 1.494547e+01 -8.710728e+00 -3.033798e+00 -1.199185e+01 -2.237366e+01 7.950802e+01 -1.991266e+01 1.169751e+01 -2.563101e+01 9.036875e+00 -2.216787e+01 -2.590979e+00 1.377168e+01 -1.703422e+01 8.051071e+00 -1.559338e+01 1.628967e+00 
-3.087495e+00 1.238747e+01 1.785496e+00 -9.908246e+00 -6.137440e+00 -2.396426e+00 -4.470851e+00 9.221154e+00 -1.991266e+01 4.718474e+01 -1.106986e+01 7.349338e+00 -2.839070e+01 -1.941555e+00 -8.205883e+00 2.412868e+01 -3.389224e+01 8.666451e+00 3.926538e+00 7.478218e+00 
5.113004e+00 -5.685681e+00 -7.802906e+00 1.863152e+00 6.224861e+00 2.476430e+00 3.326120e+00 -1.161169e+01 1.169751e+01 -1.106986e+01 3.077593e+01 -2.055679e+01 4.716695e+00 -1.186253e+01 7.118228e+00 -2.956948e+01 1.239561e+00 1.413701e+01 -2.212667e+01 4.181841e+00 
-1.822481e+01 -7.262572e+00 1.196575e+01 -6.491172e+00 1.241874e+01 -7.121661e+00 2.032254e+00 1.106301e+01 -2.563101e+01 7.349338e+00 -2.055679e+01 8.546350e+01 -1.906485e+01 2.906343e+01 6.436463e-01 -1.827148e+01 2.558904e+01 -9.155947e+00 5.786271e+00 -1.880910e+01 
-3.567153e+00 -9.064741e+00 2.477111e+00 -2.270294e+00 1.894054e+01 -1.379379e+00 3.867572e+00 -1.062227e+01 9.036875e+00 -2.839070e+01 4.716695e+00 -1.906485e+01 8.205121e+01 -1.494098e+01 -5.267758e+00 -2.804861e+00 3.468716e+01 -4.474204e+00 -1.680871e+01 -8.605588e+00 
-1.357278e+01 -4.931252e+00 1.764721e+01 -1.201110e+01 5.910877e-01 1.102319e+01 -1.026385e+01 1.388321e+01 -2.216787e+01 -1.941555e+00 -1.186253e+01 2.906343e+01 -1.494098e+01 7.433716e+01 -3.825857e+01 2.089232e+01 3.765217e+01 -1.385940e+01 4.870375e+00 -1.760926e+01 
1.553450e+01 -1.537459e+01 -4.505730e+00 1.001367e+01 8.970433e-01 -6.791677e+00 1.512593e+01 -1.012676e+01 -2.590979e+00 -8.205883e+00 7.118228e+00 6.436463e-01 -5.267758e+00 -3.825857e+01 7.478009e+01 -6.325913e+01 -5.006531e+00 -4.700203e+00 1.003361e+01 1.069564e+01 
-1.805578e+01 1.096480e+00 2.972230e+01 -2.464573e+01 -1.670806e+01 3.661689e+01 -2.734138e+01 1.701439e+00 1.377168e+01 2.412868e+01 -2.956948e+01 -1.827148e+01 -2.804861e+00 2.089232e+01 -6.325913e+01 4.123012e+02 -2.817267e+02 2.479631e+01 -1.572127e+01 1.603120e+01 
3.265724e+00 -1.183308e+01 -1.588974e+01 1.758102e+01 7.127598e+00 -2.788775e+01 6.878654e+00 2.078400e+01 -1.703422e+01 -3.389224e+01 1.239561e+00 2.558904e+01 3.468716e+01 3.765217e+01 -5.006531e+00 -2.817267e+02 3.579674e+02 -6.632407e+01 2.253187e+01 -3.691136e+00 
-7.893939e-01 6.293374e+00 -7.590376e+00 -4.479513e+00 -1.106991e+00 2.149495e-01 -5.629327e+00 -6.334907e+00 8.051071e+00 8.666451e+00 1.413701e+01 -9.155947e+00 -4.474204e+00 -1.385940e+01 -4.700203e+00 2.479631e+01 -6.632407e+01 5.573580e+01 -3.251012e+01 4.801975e+00 
8.276729e+00 4.883038e+00 2.296722e+00 2.379322e+00 -1.170971e+01 -1.351218e+00 2.201379e+00 6.388459e+00 -1.559338e+01 3.926538e+00 -2.212667e+01 5.786271e+00 -1.680871e+01 4.870375e+00 1.003361e+01 -1.572127e+01 2.253187e+01 -3.251012e+01 1.062508e+02 -1.947949e+01 
1.521560e+01 -1.141697e+01 -1.042231e+01 -9.424683e-01 1.044823e+00 3.527189e+00 5.142522e+00 4.449509e+00 1.628967e+00 7.478218e+00 4.181841e+00 -1.880910e+01 -8.605588e+00 -1.760926e+01 1.069564e+01 1.603120e+01 -3.691136e+00 4.801975e+00 -1.947949e+01 5.247649e+01 
detCovars
1.947851e-32 
dha dhe dhin ge ke na te tin tun 