priors
1.501207e-01 1.233404e-02 2.489439e-02 8.328304e-02 1.415585e-01 1.328832e-01 4.311255e-01 1.508751e-04 2.364967e-02 
means
-1.228856e-02 1.356362e-01 -1.293501e-01 3.936890e-02 5.573979e-02 -1.800450e-02 1.484566e-01 8.746876e-02 1.140331e-01 1.046963e-01 -2.064461e-02 -5.514865e-02 1.743842e-01 2.267510e-01 8.371005e-02 -9.049616e-03 -4.157218e-02 -8.595913e-04 6.691306e-02 4.776939e-02 
-3.958380e-01 3.699949e-01 9.547783e-02 2.746305e-01 3.594094e-01 2.657015e-01 1.601909e-01 -1.584952e-03 7.998531e-03 9.032877e-02 5.825242e-02 2.631095e-02 -7.203621e-02 -1.633577e-01 8.076254e-02 6.882559e-02 1.437122e-01 1.428370e-01 2.330439e-02 -4.218774e-03 
2.180948e-01 3.908883e-01 8.119444e-02 1.911102e-01 6.095057e-02 8.859270e-02 8.361982e-02 -2.513659e-02 -9.553695e-02 6.925562e-02 1.926071e-01 6.669909e-02 -1.077359e-01 -6.724156e-02 9.195131e-02 1.683826e-01 1.621996e-01 -1.069589e-01 -1.169559e-01 -2.480314e-02 
4.496814e-01 3.824502e-01 3.290467e-02 1.077095e-01 8.818171e-02 3.157529e-02 2.062097e-01 -5.503665e-03 -1.316863e-03 7.216032e-02 2.146663e-01 1.718678e-01 1.903296e-02 -2.355483e-02 1.200118e-01 1.554549e-01 1.367520e-01 9.986359e-02 1.240190e-03 -1.451304e-01 
-1.298738e-01 -4.351404e-02 -5.004355e-02 -6.240705e-02 2.806022e-02 -3.906560e-03 -7.102396e-03 7.145209e-02 4.364930e-02 -4.941815e-02 2.681236e-01 6.581362e-02 -1.298429e-01 -1.408804e-01 -4.249250e-03 1.022496e-01 8.719793e-02 -1.817028e-02 9.074548e-02 -7.658645e-02 
-2.156423e-01 -1.245282e-01 -2.229547e-01 -4.449724e-02 -4.601310e-02 -5.742652e-02 1.393977e-02 2.279613e-02 5.087335e-02 1.118772e-01 -3.624068e-02 -8.448441e-02 4.775107e-02 2.691342e-01 2.317784e-01 -4.278150e-02 -7.584230e-02 -5.236129e-02 -5.116030e-02 -1.094660e-02 
3.321430e-03 -1.154387e-01 1.120970e-01 -2.118452e-02 -4.613618e-02 5.243350e-03 -9.268121e-02 -5.331052e-02 -5.759523e-02 -6.943019e-02 -1.279274e-01 -1.376909e-02 -2.701309e-02 -1.068706e-01 -1.375384e-01 -6.248456e-02 -3.036898e-02 1.833558e-02 -2.099113e-02 4.749076e-02 
3.638735e-01 3.455654e-01 -1.200029e-01 3.648823e-01 4.197606e-01 4.648249e-01 3.646394e-01 3.629077e-01 3.063001e-01 2.272571e-01 5.888916e-02 1.245176e-01 -2.606328e-02 -3.154250e-03 1.819299e-01 2.293158e-01 2.319454e-01 2.257813e-01 -2.023204e-02 -2.131107e-01 
3.974695e-01 2.501535e-01 7.949641e-02 3.382646e-02 1.299487e-02 1.876920e-02 -1.886867e-01 -9.481331e-02 -1.219451e-01 -1.072830e-01 7.240171e-02 -8.125827e-03 -2.149095e-02 7.886063e-02 1.363299e-01 6.282661e-02 -7.031129e-03 -2.408444e-01 -1.910725e-01 -1.082897e-01 
covars
7.436824e-02 4.363646e-02 1.003687e-02 2.112208e-03 -1.136700e-02 -1.013179e-03 4.268136e-03 1.087685e-02 6.511050e-03 8.573675e-03 2.822379e-02 2.691043e-02 2.096897e-02 1.510910e-02 6.051171e-03 4.904822e-03 -6.798231e-04 -5.109234e-03 -3.677044e-03 -2.814636e-04 
4.363646e-02 7.549592e-02 1.300205e-02 1.058441e-02 1.544903e-02 -2.629629e-03 1.957857e-02 8.936086e-03 1.066331e-02 6.847150e-03 3.086186e-02 1.792273e-02 1.538069e-02 2.512145e-02 2.528714e-02 1.343376e-02 8.075255e-03 4.362004e-03 2.531821e-03 9.096389e-03 
1.003687e-02 1.300205e-02 5.925893e-02 1.760416e-02 6.745147e-03 7.682595e-03 -3.633514e-03 6.402203e-04 -1.424132e-03 -3.498300e-03 7.624831e-03 2.013955e-03 -5.600913e-03 -1.410792e-02 -4.541174e-03 1.530627e-03 7.209981e-03 1.201932e-02 2.985800e-03 7.292858e-03 
2.112208e-03 1.058441e-02 1.760416e-02 3.509652e-02 2.066334e-02 2.064840e-02 1.462015e-02 4.910192e-03 4.186386e-03 1.120026e-02 5.243914e-04 -1.935645e-03 -2.159047e-03 6.742538e-04 6.197049e-03 6.498088e-03 9.073424e-03 1.390868e-02 2.271141e-03 -3.260697e-03 
-1.136700e-02 1.544903e-02 6.745147e-03 2.066334e-02 8.440640e-02 4.247944e-02 4.417616e-02 -9.640517e-03 1.131154e-02 1.060909e-02 -3.870436e-02 -3.119796e-02 -4.406310e-02 -1.501311e-02 2.807603e-02 3.049816e-02 4.254789e-02 4.072179e-02 -4.302596e-03 -3.928581e-02 
-1.013179e-03 -2.629629e-03 7.682595e-03 2.064840e-02 4.247944e-02 6.956198e-02 3.888356e-02 3.783059e-03 1.221695e-02 1.616258e-02 -2.998981e-02 -1.535206e-02 -2.659045e-02 -2.144332e-02 1.392153e-02 1.851757e-02 3.146414e-02 3.200474e-02 -5.579967e-03 -3.651937e-02 
4.268136e-03 1.957857e-02 -3.633514e-03 1.462015e-02 4.417616e-02 3.888356e-02 6.719764e-02 1.646343e-02 2.254100e-02 1.961556e-02 -1.488212e-02 -1.357429e-02 -1.789277e-02 1.439079e-03 2.552082e-02 2.370356e-02 2.937392e-02 2.991215e-02 -3.059948e-03 -3.256831e-02 
1.087685e-02 8.936086e-03 6.402203e-04 4.910192e-03 -9.640517e-03 3.783059e-03 1.646343e-02 5.661328e-02 1.912354e-02 1.099262e-02 2.523925e-02 9.161272e-03 1.886781e-02 1.216155e-02 8.120810e-03 -2.127675e-03 -7.245939e-03 -2.787344e-03 2.860847e-03 -1.236796e-03 
6.511050e-03 1.066331e-02 -1.424132e-03 4.186386e-03 1.131154e-02 1.221695e-02 2.254100e-02 1.912354e-02 3.131674e-02 2.093995e-02 4.400308e-03 2.877266e-03 7.439153e-03 1.566070e-02 1.530394e-02 4.406110e-03 4.780383e-03 6.988024e-03 3.191850e-03 -4.898003e-03 
8.573675e-03 6.847150e-03 -3.498300e-03 1.120026e-02 1.060909e-02 1.616258e-02 1.961556e-02 1.099262e-02 2.093995e-02 5.427504e-02 1.680052e-02 1.523395e-03 1.594208e-02 1.776827e-02 2.082305e-02 7.776276e-03 9.098002e-03 4.791222e-03 1.783771e-03 -1.161953e-02 
2.822379e-02 3.086186e-02 7.624831e-03 5.243914e-04 -3.870436e-02 -2.998981e-02 -1.488212e-02 2.523925e-02 4.400308e-03 1.680052e-02 1.107780e-01 4.270605e-02 4.391152e-02 2.697644e-02 -9.769265e-04 -4.642677e-03 -2.025869e-02 -3.082222e-02 1.699810e-02 3.146316e-02 
2.691043e-02 1.792273e-02 2.013955e-03 -1.935645e-03 -3.119796e-02 -1.535206e-02 -1.357429e-02 9.161272e-03 2.877266e-03 1.523395e-03 4.270605e-02 4.206947e-02 3.187103e-02 1.165521e-02 -1.036418e-02 -9.811241e-03 -1.894843e-02 -1.881280e-02 7.511038e-03 2.724106e-02 
2.096897e-02 1.538069e-02 -5.600913e-03 -2.159047e-03 -4.406310e-02 -2.659045e-02 -1.789277e-02 1.886781e-02 7.439153e-03 1.594208e-02 4.391152e-02 3.187103e-02 6.386359e-02 3.986670e-02 -4.959610e-03 -2.232965e-02 -3.548816e-02 -2.709415e-02 1.218667e-02 4.082100e-02 
1.510910e-02 2.512145e-02 -1.410792e-02 6.742538e-04 -1.501311e-02 -2.144332e-02 1.439079e-03 1.216155e-02 1.566070e-02 1.776827e-02 2.697644e-02 1.165521e-02 3.986670e-02 6.314118e-02 1.858711e-02 -1.144772e-02 -2.207271e-02 -1.196065e-02 8.247718e-03 2.820807e-02 
6.051171e-03 2.528714e-02 -4.541174e-03 6.197049e-03 2.807603e-02 1.392153e-02 2.552082e-02 8.120810e-03 1.530394e-02 2.082305e-02 -9.769265e-04 -1.036418e-02 -4.959610e-03 1.858711e-02 5.251352e-02 2.438459e-02 2.599459e-02 2.325266e-02 -3.205812e-03 -2.285624e-02 
4.904822e-03 1.343376e-02 1.530627e-03 6.498088e-03 3.049816e-02 1.851757e-02 2.370356e-02 -2.127675e-03 4.406110e-03 7.776276e-03 -4.642677e-03 -9.811241e-03 -2.232965e-02 -1.144772e-02 2.438459e-02 2.909007e-02 3.321341e-02 2.424993e-02 -4.094028e-03 -2.925150e-02 
-6.798231e-04 8.075255e-03 7.209981e-03 9.073424e-03 4.254789e-02 3.146414e-02 2.937392e-02 -7.245939e-03 4.780383e-03 9.098002e-03 -2.025869e-02 -1.894843e-02 -3.548816e-02 -2.207271e-02 2.599459e-02 3.321341e-02 4.583967e-02 3.768803e-02 -6.355995e-03 -3.953678e-02 
-5.109234e-03 4.362004e-03 1.201932e-02 1.390868e-02 4.072179e-02 3.200474e-02 2.991215e-02 -2.787344e-03 6.988024e-03 4.791222e-03 -3.082222e-02 -1.881280e-02 -2.709415e-02 -1.196065e-02 2.325266e-02 2.424993e-02 3.768803e-02 6.207005e-02 2.739652e-03 -2.824172e-02 
-3.677044e-03 2.531821e-03 2.985800e-03 2.271141e-03 -4.302596e-03 -5.579967e-03 -3.059948e-03 2.860847e-03 3.191850e-03 1.783771e-03 1.699810e-02 7.511038e-03 1.218667e-02 8.247718e-03 -3.205812e-03 -4.094028e-03 -6.355995e-03 2.739652e-03 1.869494e-02 1.674368e-02 
-2.814636e-04 9.096389e-03 7.292858e-03 -3.260697e-03 -3.928581e-02 -3.651937e-02 -3.256831e-02 -1.236796e-03 -4.898003e-03 -1.161953e-02 3.146316e-02 2.724106e-02 4.082100e-02 2.820807e-02 -2.285624e-02 -2.925150e-02 -3.953678e-02 -2.824172e-02 1.674368e-02 7.322147e-02 
invCovars
3.611242e+01 -2.007881e+01 -7.755326e+00 6.200922e+00 6.271167e+00 -5.835100e+00 5.827539e+00 -2.620283e+00 2.719331e+00 -3.468881e+00 5.275940e+00 -1.864274e+01 -3.612438e+00 -1.410285e+01 1.618017e+01 -1.773531e+01 2.387507e+00 -8.458832e-01 8.524815e+00 1.541017e+01 
-2.007881e+01 4.645761e+01 -5.897113e+00 -2.297457e+00 -1.760213e+01 7.340761e+00 -1.272113e+01 2.183870e+00 2.979384e+00 1.280104e+01 -6.056298e+00 -7.171269e+00 -9.540071e+00 -4.528029e+00 -1.615650e+01 1.469597e+00 -1.203060e+01 6.434377e+00 4.597943e+00 -1.172579e+01 
-7.755326e+00 -5.897113e+00 3.254876e+01 -1.631160e+01 1.867123e+00 2.200108e+00 4.972534e+00 6.893558e-01 -8.740700e+00 1.911678e+00 -7.947214e+00 1.197558e+01 2.703996e+00 1.755423e+01 -4.221138e+00 2.865927e+01 -1.538419e+01 -7.563913e+00 2.668059e+00 -1.023773e+01 
6.200922e+00 -2.297457e+00 -1.631160e+01 5.403539e+01 -1.184574e+01 -1.454125e+01 4.857412e-01 -6.430799e+00 1.493973e+01 -9.945281e+00 1.642291e+00 -6.070187e+00 -2.504907e+00 -1.178359e+01 9.955997e+00 -2.474764e+01 1.820965e+01 -4.767559e+00 2.325166e+00 -1.567466e+00 
6.271167e+00 -1.760213e+01 1.867123e+00 -1.184574e+01 4.777134e+01 -6.538234e+00 -4.436063e+00 5.771400e+00 -8.811198e+00 -6.516078e+00 6.399469e+00 1.235590e+01 2.023142e+01 4.749064e-01 6.570823e-01 -1.627948e+01 7.217511e+00 -1.301910e+00 -1.190508e+01 1.378547e+00 
-5.835100e+00 7.340761e+00 2.200108e+00 -1.454125e+01 -6.538234e+00 3.975763e+01 -1.340642e+01 -3.553731e-01 -2.788710e+00 -2.340594e+00 2.813694e+00 -7.054393e+00 -1.711053e+00 1.136485e+01 -6.976934e+00 3.724439e+01 -2.887445e+01 6.370737e-01 -1.722354e+00 3.733751e+00 
5.827539e+00 -1.272113e+01 4.972534e+00 4.857412e-01 -4.436063e+00 -1.340642e+01 4.551165e+01 -1.080844e+01 -1.250988e+01 -4.056297e+00 3.453629e+00 2.230237e+00 3.917876e+00 -1.067827e+01 1.561853e+01 -2.873991e+01 7.508053e+00 -5.423986e+00 1.815778e+00 5.199184e+00 
-2.620283e+00 2.183870e+00 6.893558e-01 -6.430799e+00 5.771400e+00 -3.553731e-01 -1.080844e+01 3.619159e+01 -2.244619e+01 9.168110e+00 -1.198300e+01 1.122333e+01 -1.076922e+01 1.424634e+01 -1.072659e+01 2.020286e+00 2.156861e+01 -6.601337e+00 6.670457e+00 4.562725e+00 
2.719331e+00 2.979384e+00 -8.740700e+00 1.493973e+01 -8.811198e+00 -2.788710e+00 -1.250988e+01 -2.244619e+01 8.000406e+01 -1.980706e+01 1.215214e+01 -2.560356e+01 8.471259e+00 -2.256990e+01 -2.207817e+00 1.292202e+01 -1.734930e+01 8.517510e+00 -1.603612e+01 1.656135e+00 
-3.468881e+00 1.280104e+01 1.911678e+00 -9.945281e+00 -6.516078e+00 -2.340594e+00 -4.056297e+00 9.168110e+00 -1.980706e+01 4.728125e+01 -1.144956e+01 6.870669e+00 -2.858692e+01 -2.244319e+00 -7.899494e+00 2.502171e+01 -3.490063e+01 8.210821e+00 4.627266e+00 7.587911e+00 
5.275940e+00 -6.056298e+00 -7.947214e+00 1.642291e+00 6.399469e+00 2.813694e+00 3.453629e+00 -1.198300e+01 1.215214e+01 -1.144956e+01 3.142854e+01 -2.114333e+01 5.347913e+00 -1.214660e+01 7.019475e+00 -2.840235e+01 9.876807e-03 1.436152e+01 -2.263517e+01 4.428351e+00 
-1.864274e+01 -7.171269e+00 1.197558e+01 -6.070187e+00 1.235590e+01 -7.054393e+00 2.230237e+00 1.122333e+01 -2.560356e+01 6.870669e+00 -2.114333e+01 8.673301e+01 -1.907413e+01 2.919523e+01 1.280691e+00 -1.989322e+01 2.788861e+01 -1.000680e+01 6.670988e+00 -1.864351e+01 
-3.612438e+00 -9.540071e+00 2.703996e+00 -2.504907e+00 2.023142e+01 -1.711053e+00 3.917876e+00 -1.076922e+01 8.471259e+00 -2.858692e+01 5.347913e+00 -1.907413e+01 8.399210e+01 -1.497742e+01 -6.010881e+00 -3.802644e+00 3.577695e+01 -3.899866e+00 -1.792037e+01 -9.358157e+00 
-1.410285e+01 -4.528029e+00 1.755423e+01 -1.178359e+01 4.749064e-01 1.136485e+01 -1.067827e+01 1.424634e+01 -2.256990e+01 -2.244319e+00 -1.214660e+01 2.919523e+01 -1.497742e+01 7.582552e+01 -3.918400e+01 2.036978e+01 3.978557e+01 -1.425104e+01 5.233926e+00 -1.802495e+01 
1.618017e+01 -1.615650e+01 -4.221138e+00 9.955997e+00 6.570823e-01 -6.976934e+00 1.561853e+01 -1.072659e+01 -2.207817e+00 -7.899494e+00 7.019475e+00 1.280691e+00 -6.010881e+00 -3.918400e+01 7.657325e+01 -6.300793e+01 -7.001197e+00 -4.511918e+00 1.032623e+01 1.097346e+01 
-1.773531e+01 1.469597e+00 2.865927e+01 -2.474764e+01 -1.627948e+01 3.724439e+01 -2.873991e+01 2.020286e+00 1.292202e+01 2.502171e+01 -2.840235e+01 -1.989322e+01 -3.802644e+00 2.036978e+01 -6.300793e+01 4.174580e+02 -2.882892e+02 2.672910e+01 -1.692052e+01 1.721537e+01 
2.387507e+00 -1.203060e+01 -1.538419e+01 1.820965e+01 7.217511e+00 -2.887445e+01 7.508053e+00 2.156861e+01 -1.734930e+01 -3.490063e+01 9.876807e-03 2.788861e+01 3.577695e+01 3.978557e+01 -7.001197e+00 -2.882892e+02 3.704698e+02 -6.897850e+01 2.336119e+01 -4.592379e+00 
-8.458832e-01 6.434377e+00 -7.563913e+00 -4.767559e+00 -1.301910e+00 6.370737e-01 -5.423986e+00 -6.601337e+00 8.517510e+00 8.210821e+00 1.436152e+01 -1.000680e+01 -3.899866e+00 -1.425104e+01 -4.511918e+00 2.672910e+01 -6.897850e+01 5.585403e+01 -3.268627e+01 4.963865e+00 
8.524815e+00 4.597943e+00 2.668059e+00 2.325166e+00 -1.190508e+01 -1.722354e+00 1.815778e+00 6.670457e+00 -1.603612e+01 4.627266e+00 -2.263517e+01 6.670988e+00 -1.792037e+01 5.233926e+00 1.032623e+01 -1.692052e+01 2.336119e+01 -3.268627e+01 1.085931e+02 -2.050799e+01 
1.541017e+01 -1.172579e+01 -1.023773e+01 -1.567466e+00 1.378547e+00 3.733751e+00 5.199184e+00 4.562725e+00 1.656135e+00 7.587911e+00 4.428351e+00 -1.864351e+01 -9.358157e+00 -1.802495e+01 1.097346e+01 1.721537e+01 -4.592379e+00 4.963865e+00 -2.050799e+01 5.405106e+01 
detCovars
1.394067e-32 
dha dhe dhin ge ke na te tin tun 