priors
1.546309e-01 1.337457e-02 2.478111e-02 8.675396e-02 1.347899e-01 1.384850e-01 4.222829e-01 1.606555e-04 2.474094e-02 
means
-1.571591e-02 1.234574e-01 -1.299170e-01 4.119485e-02 5.030865e-02 -1.935973e-02 1.469892e-01 9.338188e-02 1.089674e-01 1.058439e-01 -1.827237e-02 -5.767387e-02 1.725212e-01 2.166139e-01 7.669245e-02 -1.218136e-02 -4.402605e-02 -1.688058e-03 6.728035e-02 4.210205e-02 
-3.942319e-01 3.681052e-01 1.024869e-01 2.775591e-01 3.544520e-01 2.581153e-01 1.566977e-01 3.323178e-03 5.687496e-03 8.665016e-02 6.040506e-02 2.978071e-02 -6.875697e-02 -1.639371e-01 7.238132e-02 6.374863e-02 1.366823e-01 1.370281e-01 2.752740e-02 2.663993e-03 
2.208682e-01 3.776592e-01 8.741405e-02 1.979675e-01 5.808662e-02 9.264783e-02 8.341464e-02 -2.884060e-02 -1.019043e-01 6.944908e-02 1.942581e-01 6.145975e-02 -1.228928e-01 -8.338290e-02 8.698224e-02 1.771523e-01 1.714842e-01 -1.211889e-01 -1.379322e-01 -3.627206e-02 
4.469110e-01 3.745442e-01 3.565983e-02 1.108956e-01 7.979031e-02 3.784625e-02 2.068758e-01 4.553838e-03 -9.523755e-04 6.550017e-02 2.142841e-01 1.706427e-01 1.935569e-02 -2.551467e-02 1.128383e-01 1.518451e-01 1.313625e-01 9.588250e-02 1.481334e-03 -1.458278e-01 
-1.186959e-01 -4.624917e-02 -5.651051e-02 -7.333469e-02 2.152807e-02 1.005683e-02 -1.947827e-02 5.493109e-02 4.535826e-02 -5.787859e-02 2.645836e-01 8.266498e-02 -1.228510e-01 -1.416096e-01 -1.218919e-02 9.613276e-02 8.523372e-02 -1.428415e-02 9.278516e-02 -7.514194e-02 
-2.254846e-01 -1.443818e-01 -2.268397e-01 -4.866478e-02 -5.563044e-02 -5.945941e-02 1.040747e-02 2.451150e-02 4.830584e-02 1.116183e-01 -4.054396e-02 -8.696925e-02 4.640027e-02 2.545318e-01 2.222752e-01 -4.597752e-02 -7.859141e-02 -5.584627e-02 -5.037379e-02 -1.379107e-02 
2.326781e-03 -1.080476e-01 1.199205e-01 -2.073855e-02 -3.805112e-02 1.148751e-03 -9.182993e-02 -5.365741e-02 -5.675556e-02 -7.049560e-02 -1.262980e-01 -1.607410e-02 -3.259887e-02 -1.065175e-01 -1.352049e-01 -5.829609e-02 -2.596106e-02 2.085532e-02 -1.975068e-02 5.128937e-02 
3.612805e-01 3.393078e-01 -1.199328e-01 3.637106e-01 4.115667e-01 4.552944e-01 3.593741e-01 3.689634e-01 3.004851e-01 2.222647e-01 6.580070e-02 1.295307e-01 -2.170575e-02 -7.322639e-03 1.717568e-01 2.236068e-01 2.245412e-01 2.164123e-01 -1.663871e-02 -2.066881e-01 
3.897527e-01 2.398941e-01 7.551980e-02 2.887967e-02 -3.114553e-03 1.142395e-02 -1.994498e-01 -9.554332e-02 -1.294497e-01 -1.152625e-01 7.631479e-02 -5.601010e-03 -1.974471e-02 7.265589e-02 1.275842e-01 5.896304e-02 -1.390966e-02 -2.453034e-01 -1.887411e-01 -1.044057e-01 
covars
7.508230e-02 4.341736e-02 1.027542e-02 2.505136e-03 -1.252677e-02 -7.779565e-04 4.284448e-03 1.240050e-02 5.921996e-03 7.039527e-03 2.924339e-02 2.710474e-02 2.035042e-02 1.352248e-02 4.973342e-03 5.066656e-03 -9.054000e-04 -5.632500e-03 -3.826401e-03 -8.906333e-04 
4.341736e-02 7.525269e-02 1.403463e-02 1.137396e-02 1.536247e-02 -1.557792e-03 1.936801e-02 8.918856e-03 9.386905e-03 4.764950e-03 2.974500e-02 1.785777e-02 1.449748e-02 2.258219e-02 2.278118e-02 1.272613e-02 7.538669e-03 4.043333e-03 2.301231e-03 9.425777e-03 
1.027542e-02 1.403463e-02 6.123955e-02 1.852298e-02 8.915534e-03 9.372802e-03 -3.047074e-03 -7.394767e-04 -1.380099e-03 -2.862639e-03 6.739283e-03 1.838520e-03 -6.615954e-03 -1.479487e-02 -4.526599e-03 2.140533e-03 8.222723e-03 1.240765e-02 3.032177e-03 7.203453e-03 
2.505136e-03 1.137396e-02 1.852298e-02 3.648493e-02 2.200544e-02 2.185673e-02 1.594649e-02 5.247884e-03 4.515199e-03 1.168062e-02 -3.607935e-04 -2.006494e-03 -2.386463e-03 3.769041e-04 6.453344e-03 6.773319e-03 9.729889e-03 1.459230e-02 2.120519e-03 -3.880361e-03 
-1.252677e-02 1.536247e-02 8.915534e-03 2.200544e-02 8.969992e-02 4.451624e-02 4.616595e-02 -1.014867e-02 1.134004e-02 1.053796e-02 -4.209732e-02 -3.368251e-02 -4.652140e-02 -1.672514e-02 2.890924e-02 3.161283e-02 4.502677e-02 4.299120e-02 -4.522634e-03 -4.150615e-02 
-7.779565e-04 -1.557792e-03 9.372802e-03 2.185673e-02 4.451624e-02 6.935214e-02 4.075721e-02 5.916877e-03 1.299863e-02 1.664579e-02 -2.949915e-02 -1.549601e-02 -2.770047e-02 -2.155790e-02 1.543098e-02 1.995408e-02 3.321842e-02 3.378755e-02 -5.292037e-03 -3.761698e-02 
4.284448e-03 1.936801e-02 -3.047074e-03 1.594649e-02 4.616595e-02 4.075721e-02 6.997613e-02 1.751344e-02 2.310377e-02 2.101154e-02 -1.668570e-02 -1.445477e-02 -1.813027e-02 6.807512e-04 2.651873e-02 2.448705e-02 3.096581e-02 3.167049e-02 -3.425877e-03 -3.476606e-02 
1.240050e-02 8.918856e-03 -7.394767e-04 5.247884e-03 -1.014867e-02 5.916877e-03 1.751344e-02 5.716867e-02 2.004913e-02 1.276466e-02 2.566960e-02 9.612535e-03 2.051573e-02 1.339200e-02 7.885648e-03 -2.614877e-03 -7.491600e-03 -2.859433e-03 2.551416e-03 -2.287369e-03 
5.921996e-03 9.386905e-03 -1.380099e-03 4.515199e-03 1.134004e-02 1.299863e-02 2.310377e-02 2.004913e-02 3.183863e-02 2.124246e-02 3.483074e-03 2.810653e-03 7.432875e-03 1.490231e-02 1.499906e-02 4.018700e-03 4.655495e-03 7.381352e-03 3.269740e-03 -5.295777e-03 
7.039527e-03 4.764950e-03 -2.862639e-03 1.168062e-02 1.053796e-02 1.664579e-02 2.101154e-02 1.276466e-02 2.124246e-02 5.491550e-02 1.597026e-02 8.269955e-04 1.576780e-02 1.698143e-02 2.042574e-02 7.190056e-03 8.893342e-03 5.439681e-03 1.816349e-03 -1.245000e-02 
2.924339e-02 2.974500e-02 6.739283e-03 -3.607935e-04 -4.209732e-02 -2.949915e-02 -1.668570e-02 2.566960e-02 3.483074e-03 1.597026e-02 1.129638e-01 4.520980e-02 4.628428e-02 2.626874e-02 -3.553135e-03 -6.464110e-03 -2.283866e-02 -3.251907e-02 1.706722e-02 3.325059e-02 
2.710474e-02 1.785777e-02 1.838520e-03 -2.006494e-03 -3.368251e-02 -1.549601e-02 -1.445477e-02 9.612535e-03 2.810653e-03 8.269955e-04 4.520980e-02 4.390709e-02 3.305329e-02 1.155105e-02 -1.170107e-02 -1.060009e-02 -2.029593e-02 -2.001766e-02 7.882796e-03 2.890021e-02 
2.035042e-02 1.449748e-02 -6.615954e-03 -2.386463e-03 -4.652140e-02 -2.770047e-02 -1.813027e-02 2.051573e-02 7.432875e-03 1.576780e-02 4.628428e-02 3.305329e-02 6.538191e-02 4.003426e-02 -6.505285e-03 -2.349555e-02 -3.766459e-02 -2.844924e-02 1.287439e-02 4.249659e-02 
1.352248e-02 2.258219e-02 -1.479487e-02 3.769041e-04 -1.672514e-02 -2.155790e-02 6.807512e-04 1.339200e-02 1.490231e-02 1.698143e-02 2.626874e-02 1.155105e-02 4.003426e-02 6.128789e-02 1.677817e-02 -1.285019e-02 -2.371103e-02 -1.271674e-02 8.394986e-03 2.866859e-02 
4.973342e-03 2.278118e-02 -4.526599e-03 6.453344e-03 2.890924e-02 1.543098e-02 2.651873e-02 7.885648e-03 1.499906e-02 2.042574e-02 -3.553135e-03 -1.170107e-02 -6.505285e-03 1.677817e-02 5.251721e-02 2.453845e-02 2.684351e-02 2.427482e-02 -3.558421e-03 -2.477443e-02 
5.066656e-03 1.272613e-02 2.140533e-03 6.773319e-03 3.161283e-02 1.995408e-02 2.448705e-02 -2.614877e-03 4.018700e-03 7.190056e-03 -6.464110e-03 -1.060009e-02 -2.349555e-02 -1.285019e-02 2.453845e-02 2.983646e-02 3.465141e-02 2.543011e-02 -4.582250e-03 -3.096156e-02 
-9.054000e-04 7.538669e-03 8.222723e-03 9.729889e-03 4.502677e-02 3.321842e-02 3.096581e-02 -7.491600e-03 4.655495e-03 8.893342e-03 -2.283866e-02 -2.029593e-02 -3.766459e-02 -2.371103e-02 2.684351e-02 3.465141e-02 4.834651e-02 3.967057e-02 -6.818323e-03 -4.185420e-02 
-5.632500e-03 4.043333e-03 1.240765e-02 1.459230e-02 4.299120e-02 3.378755e-02 3.167049e-02 -2.859433e-03 7.381352e-03 5.439681e-03 -3.251907e-02 -2.001766e-02 -2.844924e-02 -1.271674e-02 2.427482e-02 2.543011e-02 3.967057e-02 6.388594e-02 2.934657e-03 -3.011277e-02 
-3.826401e-03 2.301231e-03 3.032177e-03 2.120519e-03 -4.522634e-03 -5.292037e-03 -3.425877e-03 2.551416e-03 3.269740e-03 1.816349e-03 1.706722e-02 7.882796e-03 1.287439e-02 8.394986e-03 -3.558421e-03 -4.582250e-03 -6.818323e-03 2.934657e-03 1.946489e-02 1.758257e-02 
-8.906333e-04 9.425777e-03 7.203453e-03 -3.880361e-03 -4.150615e-02 -3.761698e-02 -3.476606e-02 -2.287369e-03 -5.295777e-03 -1.245000e-02 3.325059e-02 2.890021e-02 4.249659e-02 2.866859e-02 -2.477443e-02 -3.096156e-02 -4.185420e-02 -3.011277e-02 1.758257e-02 7.781491e-02 
invCovars
3.498827e+01 -1.923886e+01 -7.362731e+00 5.838058e+00 6.151101e+00 -5.696990e+00 5.703132e+00 -2.597053e+00 2.245900e+00 -2.801619e+00 4.885625e+00 -1.739447e+01 -3.689209e+00 -1.345132e+01 1.504394e+01 -1.783125e+01 2.460980e+00 -5.205105e-01 7.918428e+00 1.477781e+01 
-1.923886e+01 4.435913e+01 -5.771522e+00 -2.625904e+00 -1.661689e+01 7.254511e+00 -1.212596e+01 1.680401e+00 3.212502e+00 1.228697e+01 -5.579965e+00 -7.152313e+00 -8.444826e+00 -4.997440e+00 -1.430076e+01 1.148669e+00 -1.109141e+01 5.805638e+00 4.692480e+00 -1.111186e+01 
-7.362731e+00 -5.771522e+00 3.127668e+01 -1.550609e+01 1.467649e+00 1.760259e+00 4.869694e+00 1.085755e+00 -8.157668e+00 1.232603e+00 -7.524009e+00 1.147662e+01 2.527247e+00 1.721721e+01 -3.996210e+00 2.716504e+01 -1.431833e+01 -7.029376e+00 2.182142e+00 -9.719379e+00 
5.838058e+00 -2.625904e+00 -1.550609e+01 5.213911e+01 -1.097310e+01 -1.420956e+01 1.316372e-01 -6.044795e+00 1.436254e+01 -9.551176e+00 2.223478e+00 -6.597552e+00 -2.579530e+00 -1.140194e+01 9.162862e+00 -2.253736e+01 1.661132e+01 -4.345233e+00 2.335811e+00 -1.186391e+00 
6.151101e+00 -1.661689e+01 1.467649e+00 -1.097310e+01 4.477416e+01 -6.574776e+00 -4.391660e+00 5.720641e+00 -8.691423e+00 -5.706101e+00 5.312245e+00 1.315637e+01 1.859071e+01 5.452127e-01 8.813683e-01 -1.510071e+01 6.340925e+00 -8.536990e-01 -1.145164e+01 1.235886e+00 
-5.696990e+00 7.254511e+00 1.760259e+00 -1.420956e+01 -6.574776e+00 4.072529e+01 -1.283612e+01 -2.025660e+00 -2.291265e+00 -2.822904e+00 2.880529e+00 -7.965273e+00 2.666384e-01 1.129917e+01 -6.710107e+00 3.360133e+01 -2.592627e+01 -2.837341e-01 -1.912536e+00 2.992353e+00 
5.703132e+00 -1.212596e+01 4.869694e+00 1.316372e-01 -4.391660e+00 -1.283612e+01 4.386656e+01 -1.006440e+01 -1.195166e+01 -4.589591e+00 3.628746e+00 1.984690e+00 2.661830e+00 -9.821602e+00 1.427789e+01 -2.761546e+01 6.873598e+00 -5.130573e+00 2.023033e+00 4.986861e+00 
-2.597053e+00 1.680401e+00 1.085755e+00 -6.044795e+00 5.720641e+00 -2.025660e+00 -1.006440e+01 3.673216e+01 -2.262945e+01 9.803943e+00 -1.247564e+01 1.199293e+01 -1.231499e+01 1.215020e+01 -8.759020e+00 6.283554e+00 1.572040e+01 -5.895457e+00 7.214869e+00 5.429837e+00 
2.245900e+00 3.212502e+00 -8.157668e+00 1.436254e+01 -8.691423e+00 -2.291265e+00 -1.195166e+01 -2.262945e+01 7.841524e+01 -1.975978e+01 1.263577e+01 -2.613849e+01 9.394646e+00 -2.072921e+01 -3.348716e+00 1.026874e+01 -1.333704e+01 7.752494e+00 -1.584361e+01 7.754853e-01 
-2.801619e+00 1.228697e+01 1.232603e+00 -9.551176e+00 -5.706101e+00 -2.822904e+00 -4.589591e+00 9.803943e+00 -1.975978e+01 4.717104e+01 -1.184116e+01 7.617197e+00 -2.906377e+01 -3.057807e+00 -7.347291e+00 2.878151e+01 -3.723858e+01 8.133985e+00 5.156196e+00 8.216482e+00 
4.885625e+00 -5.579965e+00 -7.524009e+00 2.223478e+00 5.312245e+00 2.880529e+00 3.628746e+00 -1.247564e+01 1.263577e+01 -1.184116e+01 3.108793e+01 -2.155681e+01 5.420051e+00 -1.106093e+01 6.352955e+00 -3.047209e+01 3.391131e+00 1.342857e+01 -2.164974e+01 3.632948e+00 
-1.739447e+01 -7.152313e+00 1.147662e+01 -6.597552e+00 1.315637e+01 -7.965273e+00 1.984690e+00 1.199293e+01 -2.613849e+01 7.617197e+00 -2.155681e+01 8.534379e+01 -1.923095e+01 2.812577e+01 1.393080e+00 -1.597327e+01 2.323494e+01 -8.871007e+00 6.434843e+00 -1.752433e+01 
-3.689209e+00 -8.444826e+00 2.527247e+00 -2.579530e+00 1.859071e+01 2.666384e-01 2.661830e+00 -1.231499e+01 9.394646e+00 -2.906377e+01 5.420051e+00 -1.923095e+01 8.441447e+01 -1.443861e+01 -5.342725e+00 -1.027820e+01 4.030284e+01 -4.175238e+00 -1.836918e+01 -1.005329e+01 
-1.345132e+01 -4.997440e+00 1.721721e+01 -1.140194e+01 5.452127e-01 1.129917e+01 -9.821602e+00 1.215020e+01 -2.072921e+01 -3.057807e+00 -1.106093e+01 2.812577e+01 -1.443861e+01 7.614528e+01 -3.848178e+01 2.056351e+01 3.858255e+01 -1.393304e+01 4.375157e+00 -1.747432e+01 
1.504394e+01 -1.430076e+01 -3.996210e+00 9.162862e+00 8.813683e-01 -6.710107e+00 1.427789e+01 -8.759020e+00 -3.348716e+00 -7.347291e+00 6.352955e+00 1.393080e+00 -5.342725e+00 -3.848178e+01 7.334011e+01 -6.077710e+01 -6.594600e+00 -4.054042e+00 9.531469e+00 1.043683e+01 
-1.783125e+01 1.148669e+00 2.716504e+01 -2.253736e+01 -1.510071e+01 3.360133e+01 -2.761546e+01 6.283554e+00 1.026874e+01 2.878151e+01 -3.047209e+01 -1.597327e+01 -1.027820e+01 2.056351e+01 -6.077710e+01 4.118342e+02 -2.832604e+02 2.451606e+01 -1.293324e+01 1.891404e+01 
2.460980e+00 -1.109141e+01 -1.431833e+01 1.661132e+01 6.340925e+00 -2.592627e+01 6.873598e+00 1.572040e+01 -1.333704e+01 -3.723858e+01 3.391131e+00 2.323494e+01 4.030284e+01 3.858255e+01 -6.594600e+00 -2.832604e+02 3.584149e+02 -6.559176e+01 1.983324e+01 -7.150574e+00 
-5.205105e-01 5.805638e+00 -7.029376e+00 -4.345233e+00 -8.536990e-01 -2.837341e-01 -5.130573e+00 -5.895457e+00 7.752494e+00 8.133985e+00 1.342857e+01 -8.871007e+00 -4.175238e+00 -1.393304e+01 -4.054042e+00 2.451606e+01 -6.559176e+01 5.479506e+01 -3.187295e+01 5.056336e+00 
7.918428e+00 4.692480e+00 2.182142e+00 2.335811e+00 -1.145164e+01 -1.912536e+00 2.023033e+00 7.214869e+00 -1.584361e+01 5.156196e+00 -2.164974e+01 6.434843e+00 -1.836918e+01 4.375157e+00 9.531469e+00 -1.293324e+01 1.983324e+01 -3.187295e+01 1.042518e+02 -1.878634e+01 
1.477781e+01 -1.111186e+01 -9.719379e+00 -1.186391e+00 1.235886e+00 2.992353e+00 4.986861e+00 5.429837e+00 7.754853e-01 8.216482e+00 3.632948e+00 -1.752433e+01 -1.005329e+01 -1.747432e+01 1.043683e+01 1.891404e+01 -7.150574e+00 5.056336e+00 -1.878634e+01 5.115580e+01 
detCovars
2.055053e-32 
dha dhe dhin ge ke na te tin tun 