priors
1.488804e-01 1.283385e-02 2.385632e-02 8.421012e-02 1.441014e-01 1.272209e-01 4.376228e-01 1.541604e-04 2.111998e-02 
means
-8.165251e-03 1.417292e-01 -1.356659e-01 3.572359e-02 5.147011e-02 -2.296774e-02 1.661714e-01 9.128642e-02 1.137587e-01 9.998640e-02 -1.186144e-02 -6.099486e-02 1.784257e-01 2.320915e-01 8.277150e-02 -7.927906e-03 -4.313808e-02 -3.804284e-03 7.072607e-02 5.693980e-02 
-3.941658e-01 3.724449e-01 1.002444e-01 2.797712e-01 3.666473e-01 2.716583e-01 1.901622e-01 -3.484547e-03 9.983761e-03 9.731484e-02 4.669217e-02 2.349480e-02 -7.706079e-02 -1.619386e-01 9.009512e-02 7.571957e-02 1.505454e-01 1.528590e-01 2.164014e-02 -1.496087e-02 
2.079499e-01 3.907703e-01 7.871256e-02 1.894090e-01 5.112940e-02 8.772440e-02 8.904053e-02 -2.594965e-02 -9.152234e-02 6.778304e-02 1.910377e-01 8.087568e-02 -1.049795e-01 -6.073772e-02 9.024739e-02 1.609827e-01 1.558029e-01 -1.058936e-01 -1.066177e-01 -1.468848e-02 
4.462146e-01 3.861358e-01 3.530771e-02 1.082579e-01 9.028062e-02 3.174256e-02 2.354897e-01 -1.076420e-02 -4.008794e-03 7.635196e-02 2.102333e-01 2.004370e-01 1.664425e-02 -2.515300e-02 1.249557e-01 1.586668e-01 1.407773e-01 1.037575e-01 2.324157e-05 -1.478362e-01 
-1.327665e-01 -4.564087e-02 -5.081992e-02 -6.119167e-02 3.281974e-02 -1.952734e-04 -3.436222e-03 6.903038e-02 4.311777e-02 -4.493742e-02 2.606475e-01 7.164505e-02 -1.338484e-01 -1.426644e-01 1.567102e-03 1.066146e-01 9.275561e-02 -1.325460e-02 8.875749e-02 -8.414845e-02 
-2.067803e-01 -1.187816e-01 -2.382755e-01 -5.301496e-02 -5.892430e-02 -7.497964e-02 3.333429e-03 2.942491e-02 5.515052e-02 1.022876e-01 -2.132223e-02 -8.811210e-02 5.734659e-02 2.886587e-01 2.260152e-01 -5.690468e-02 -9.317314e-02 -7.451312e-02 -5.502928e-02 8.301549e-03 
5.424727e-04 -1.183382e-01 1.119451e-01 -1.837880e-02 -4.308981e-02 9.513389e-03 -1.010602e-01 -5.535656e-02 -5.787190e-02 -6.449591e-02 -1.309084e-01 -2.086689e-02 -2.851195e-02 -1.073586e-01 -1.305887e-01 -5.805947e-02 -2.596229e-02 2.406806e-02 -2.186643e-02 4.048548e-02 
3.614290e-01 3.438453e-01 -1.217229e-01 3.656589e-01 4.226830e-01 4.709599e-01 4.172840e-01 3.596747e-01 3.060407e-01 2.325258e-01 5.201803e-02 1.417650e-01 -3.042913e-02 -4.949793e-03 1.875729e-01 2.335338e-01 2.369935e-01 2.333484e-01 -2.227293e-02 -2.206330e-01 
4.206021e-01 2.700496e-01 1.290861e-01 4.758217e-02 1.743664e-02 2.360009e-02 -2.321010e-01 -7.298844e-02 -1.181041e-01 -1.197984e-01 6.339549e-02 -1.576287e-03 9.225325e-05 9.041741e-02 9.399503e-02 1.207476e-02 -6.008121e-02 -3.212911e-01 -2.122366e-01 -9.938826e-02 
covars
7.359980e-02 4.318297e-02 1.038147e-02 2.423541e-03 -1.107791e-02 -3.078576e-04 5.687524e-03 1.067335e-02 6.786777e-03 1.017158e-02 2.692745e-02 3.118040e-02 2.094992e-02 1.524433e-02 6.966090e-03 5.109487e-03 -3.508318e-04 -4.442269e-03 -3.749040e-03 -1.396006e-03 
4.318297e-02 7.662710e-02 1.349097e-02 1.110210e-02 1.671188e-02 -1.981252e-03 2.362960e-02 8.850964e-03 1.120709e-02 8.198216e-03 3.008332e-02 2.051149e-02 1.522537e-02 2.561522e-02 2.658750e-02 1.405709e-02 8.800391e-03 5.574480e-03 2.673601e-03 8.151795e-03 
1.038147e-02 1.349097e-02 5.935480e-02 1.773530e-02 7.100218e-03 7.871500e-03 -4.103992e-03 6.490866e-04 -1.776501e-03 -4.250488e-03 7.964966e-03 2.062952e-03 -6.177037e-03 -1.463725e-02 -4.426750e-03 2.143098e-03 7.907625e-03 1.270786e-02 3.009936e-03 6.814140e-03 
2.423541e-03 1.110210e-02 1.773530e-02 3.487730e-02 2.050975e-02 2.027621e-02 1.587093e-02 5.006222e-03 3.993948e-03 1.023823e-02 1.109522e-03 -2.053774e-03 -2.175300e-03 6.694329e-04 5.542314e-03 6.260184e-03 8.846559e-03 1.386043e-02 2.532570e-03 -2.267593e-03 
-1.107791e-02 1.671188e-02 7.100218e-03 2.050975e-02 8.350312e-02 4.190103e-02 4.864222e-02 -9.594552e-03 1.102049e-02 8.935691e-03 -3.701142e-02 -3.580492e-02 -4.349887e-02 -1.483480e-02 2.673673e-02 2.974046e-02 4.154920e-02 4.017902e-02 -3.775203e-03 -3.678289e-02 
-3.078576e-04 -1.981252e-03 7.871500e-03 2.027621e-02 4.190103e-02 6.941234e-02 4.291924e-02 3.707332e-03 1.179389e-02 1.481603e-02 -2.909377e-02 -1.776263e-02 -2.636121e-02 -2.161828e-02 1.267246e-02 1.801819e-02 3.095336e-02 3.175750e-02 -5.125059e-03 -3.497607e-02 
5.687524e-03 2.362960e-02 -4.103992e-03 1.587093e-02 4.864222e-02 4.291924e-02 8.439040e-02 1.844269e-02 2.493571e-02 2.011006e-02 -1.498459e-02 -1.688590e-02 -1.962604e-02 2.015130e-03 2.755216e-02 2.618781e-02 3.234785e-02 3.324557e-02 -2.914761e-03 -3.406354e-02 
1.067335e-02 8.850964e-03 6.490866e-04 5.006222e-03 -9.594552e-03 3.707332e-03 1.844269e-02 5.572951e-02 1.881367e-02 1.150979e-02 2.422388e-02 1.030712e-02 1.868677e-02 1.245329e-02 9.491747e-03 -1.420061e-03 -6.473951e-03 -1.765979e-03 2.817825e-03 -2.026444e-03 
6.786777e-03 1.120709e-02 -1.776501e-03 3.993948e-03 1.102049e-02 1.179389e-02 2.493571e-02 1.881367e-02 3.090595e-02 2.043448e-02 4.875914e-03 3.505971e-03 7.458159e-03 1.581878e-02 1.546339e-02 4.794139e-03 5.136884e-03 7.175808e-03 3.339989e-03 -4.588038e-03 
1.017158e-02 8.198216e-03 -4.250488e-03 1.023823e-02 8.935691e-03 1.481603e-02 2.011006e-02 1.150979e-02 2.043448e-02 5.221522e-02 1.904083e-02 3.761068e-03 1.668654e-02 1.803819e-02 1.895606e-02 6.917759e-03 8.073936e-03 3.138141e-03 2.072081e-03 -9.170556e-03 
2.692745e-02 3.008332e-02 7.964966e-03 1.109522e-03 -3.701142e-02 -2.909377e-02 -1.498459e-02 2.422388e-02 4.875914e-03 1.904083e-02 1.074008e-01 4.879130e-02 4.288136e-02 2.703962e-02 1.250394e-03 -3.636720e-03 -1.870727e-02 -2.924491e-02 1.663517e-02 2.841010e-02 
3.118040e-02 2.051149e-02 2.062952e-03 -2.053774e-03 -3.580492e-02 -1.776263e-02 -1.688590e-02 1.030712e-02 3.505971e-03 3.761068e-03 4.879130e-02 5.744288e-02 3.718182e-02 1.381698e-02 -1.048791e-02 -1.048995e-02 -2.109955e-02 -2.095835e-02 8.808682e-03 2.959498e-02 
2.094992e-02 1.522537e-02 -6.177037e-03 -2.175300e-03 -4.349887e-02 -2.636121e-02 -1.962604e-02 1.868677e-02 7.458159e-03 1.668654e-02 4.288136e-02 3.718182e-02 6.324154e-02 3.979656e-02 -3.959895e-03 -2.158227e-02 -3.452001e-02 -2.677625e-02 1.179266e-02 3.942970e-02 
1.524433e-02 2.561522e-02 -1.463725e-02 6.694329e-04 -1.483480e-02 -2.161828e-02 2.015130e-03 1.245329e-02 1.581878e-02 1.803819e-02 2.703962e-02 1.381698e-02 3.979656e-02 6.364642e-02 1.887127e-02 -1.126786e-02 -2.186134e-02 -1.230915e-02 7.974099e-03 2.795934e-02 
6.966090e-03 2.658750e-02 -4.426750e-03 5.542314e-03 2.673673e-02 1.267246e-02 2.755216e-02 9.491747e-03 1.546339e-02 1.895606e-02 1.250394e-03 -1.048791e-02 -3.959895e-03 1.887127e-02 4.968620e-02 2.253845e-02 2.395321e-02 2.106864e-02 -2.837028e-03 -1.986912e-02 
5.109487e-03 1.405709e-02 2.143098e-03 6.260184e-03 2.974046e-02 1.801819e-02 2.618781e-02 -1.420061e-03 4.794139e-03 6.917759e-03 -3.636720e-03 -1.048995e-02 -2.158227e-02 -1.126786e-02 2.253845e-02 2.761334e-02 3.162905e-02 2.305926e-02 -3.724543e-03 -2.721426e-02 
-3.508318e-04 8.800391e-03 7.907625e-03 8.846559e-03 4.154920e-02 3.095336e-02 3.234785e-02 -6.473951e-03 5.136884e-03 8.073936e-03 -1.870727e-02 -2.109955e-02 -3.452001e-02 -2.186134e-02 2.395321e-02 3.162905e-02 4.398776e-02 3.647893e-02 -5.832934e-03 -3.702794e-02 
-4.442269e-03 5.574480e-03 1.270786e-02 1.386043e-02 4.017902e-02 3.175750e-02 3.324557e-02 -1.765979e-03 7.175808e-03 3.138141e-03 -2.924491e-02 -2.095835e-02 -2.677625e-02 -1.230915e-02 2.106864e-02 2.305926e-02 3.647893e-02 6.150552e-02 2.979335e-03 -2.588276e-02 
-3.749040e-03 2.673601e-03 3.009936e-03 2.532570e-03 -3.775203e-03 -5.125059e-03 -2.914761e-03 2.817825e-03 3.339989e-03 2.072081e-03 1.663517e-02 8.808682e-03 1.179266e-02 7.974099e-03 -2.837028e-03 -3.724543e-03 -5.832934e-03 2.979335e-03 1.841203e-02 1.613738e-02 
-1.396006e-03 8.151795e-03 6.814140e-03 -2.267593e-03 -3.678289e-02 -3.497607e-02 -3.406354e-02 -2.026444e-03 -4.588038e-03 -9.170556e-03 2.841010e-02 2.959498e-02 3.942970e-02 2.795934e-02 -1.986912e-02 -2.721426e-02 -3.702794e-02 -2.588276e-02 1.613738e-02 6.841398e-02 
invCovars
3.670182e+01 -1.988702e+01 -8.467811e+00 5.974130e+00 6.855078e+00 -5.824929e+00 4.698835e+00 -2.168683e+00 3.047627e+00 -4.092562e+00 5.895647e+00 -1.629684e+01 -3.720172e+00 -1.403594e+01 1.549990e+01 -1.808152e+01 3.709871e+00 -8.089359e-01 8.355343e+00 1.632053e+01 
-1.988702e+01 4.592158e+01 -6.023738e+00 -1.971104e+00 -1.761770e+01 7.172788e+00 -1.110273e+01 2.235521e+00 3.223923e+00 1.219927e+01 -5.908107e+00 -6.030486e+00 -9.526579e+00 -4.425905e+00 -1.630447e+01 -1.857250e-01 -1.068376e+01 5.835287e+00 4.635002e+00 -1.187417e+01 
-8.467811e+00 -6.023738e+00 3.369531e+01 -1.639910e+01 1.513287e+00 1.882056e+00 5.006701e+00 -3.378769e-02 -9.144229e+00 3.393644e+00 -8.962450e+00 1.077851e+01 2.724071e+00 1.732650e+01 -3.133647e+00 3.018863e+01 -1.871758e+01 -7.112058e+00 3.276451e+00 -1.133267e+01 
5.974130e+00 -1.971104e+00 -1.639910e+01 5.437441e+01 -1.229232e+01 -1.450706e+01 5.049832e-01 -6.612791e+00 1.469135e+01 -9.920532e+00 1.413527e+00 -4.827395e+00 -2.379248e+00 -1.166640e+01 1.003765e+01 -2.485876e+01 1.864817e+01 -4.989832e+00 2.492788e+00 -2.237954e+00 
6.855078e+00 -1.761770e+01 1.513287e+00 -1.229232e+01 4.874344e+01 -6.580504e+00 -3.858957e+00 6.397142e+00 -8.360086e+00 -7.086293e+00 7.025469e+00 1.017168e+01 2.039714e+01 4.541428e-01 -2.348766e-01 -1.876937e+01 9.420160e+00 -1.558335e+00 -1.248985e+01 1.942993e+00 
-5.824929e+00 7.172788e+00 1.882056e+00 -1.450706e+01 -6.580504e+00 3.981465e+01 -1.207311e+01 -2.916952e-01 -2.473330e+00 -2.572657e+00 3.267134e+00 -5.859264e+00 -2.060359e+00 1.109912e+01 -6.822077e+00 3.840201e+01 -2.991060e+01 1.105791e+00 -2.537197e+00 4.596616e+00 
4.698835e+00 -1.110273e+01 5.006701e+00 5.049832e-01 -3.858957e+00 -1.207311e+01 3.569874e+01 -9.605363e+00 -1.119835e+01 -2.636292e+00 2.465091e+00 2.170822e+00 3.383420e+00 -9.467122e+00 1.411561e+01 -2.537083e+01 5.509089e+00 -4.792313e+00 1.918307e+00 3.755205e+00 
-2.168683e+00 2.235521e+00 -3.378769e-02 -6.612791e+00 6.397142e+00 -2.916952e-01 -9.605363e+00 3.690588e+01 -2.209798e+01 8.187509e+00 -1.132124e+01 9.074555e+00 -1.078303e+01 1.432569e+01 -1.182312e+01 -5.342737e-01 2.511456e+01 -7.184071e+00 6.168172e+00 5.599649e+00 
3.047627e+00 3.223923e+00 -9.144229e+00 1.469135e+01 -8.360086e+00 -2.473330e+00 -1.119835e+01 -2.209798e+01 8.045083e+01 -2.000463e+01 1.267903e+01 -2.142814e+01 7.855320e+00 -2.275775e+01 -2.527032e+00 1.135574e+01 -1.727468e+01 8.459378e+00 -1.670916e+01 2.152950e+00 
-4.092562e+00 1.219927e+01 3.393644e+00 -9.920532e+00 -7.086293e+00 -2.572657e+00 -2.636292e+00 8.187509e+00 -2.000463e+01 4.869897e+01 -1.226031e+01 5.781913e+00 -2.874653e+01 -2.826139e+00 -6.383424e+00 2.827982e+01 -3.991117e+01 8.594422e+00 5.072456e+00 6.949139e+00 
5.895647e+00 -5.908107e+00 -8.962450e+00 1.413527e+00 7.025469e+00 3.267134e+00 2.465091e+00 -1.132124e+01 1.267903e+01 -1.226031e+01 3.249117e+01 -1.843232e+01 5.351447e+00 -1.228484e+01 6.059456e+00 -2.907049e+01 1.353643e+00 1.425665e+01 -2.348697e+01 5.589887e+00 
-1.629684e+01 -6.030486e+00 1.077851e+01 -4.827395e+00 1.017168e+01 -5.859264e+00 2.170822e+00 9.074555e+00 -2.142814e+01 5.781913e+00 -1.843232e+01 6.269849e+01 -1.616511e+01 2.467769e+01 1.818804e+00 -1.841492e+01 2.418428e+01 -8.708895e+00 5.214190e+00 -1.615579e+01 
-3.720172e+00 -9.526579e+00 2.724071e+00 -2.379248e+00 2.039714e+01 -2.060359e+00 3.383420e+00 -1.078303e+01 7.855320e+00 -2.874653e+01 5.351447e+00 -1.616511e+01 8.507813e+01 -1.437970e+01 -6.493434e+00 -3.805424e+00 3.663156e+01 -3.766684e+00 -1.752667e+01 -1.059001e+01 
-1.403594e+01 -4.425905e+00 1.732650e+01 -1.166640e+01 4.541428e-01 1.109912e+01 -9.467122e+00 1.432569e+01 -2.275775e+01 -2.826139e+00 -1.228484e+01 2.467769e+01 -1.437970e+01 7.557651e+01 -3.922993e+01 1.874692e+01 4.202937e+01 -1.430035e+01 5.636266e+00 -1.824805e+01 
1.549990e+01 -1.630447e+01 -3.133647e+00 1.003765e+01 -2.348766e-01 -6.822077e+00 1.411561e+01 -1.182312e+01 -2.527032e+00 -6.383424e+00 6.059456e+00 1.818804e+00 -6.493434e+00 -3.922993e+01 7.819318e+01 -5.909208e+01 -1.175110e+01 -3.684053e+00 1.062309e+01 1.035797e+01 
-1.808152e+01 -1.857250e-01 3.018863e+01 -2.485876e+01 -1.876937e+01 3.840201e+01 -2.537083e+01 -5.342737e-01 1.135574e+01 2.827982e+01 -2.907049e+01 -1.841492e+01 -3.805424e+00 1.874692e+01 -5.909208e+01 4.358136e+02 -3.060643e+02 2.999601e+01 -1.627522e+01 1.757240e+01 
3.709871e+00 -1.068376e+01 -1.871758e+01 1.864817e+01 9.420160e+00 -2.991060e+01 5.509089e+00 2.511456e+01 -1.727468e+01 -3.991117e+01 1.353643e+00 2.418428e+01 3.663156e+01 4.202937e+01 -1.175110e+01 -3.060643e+02 3.940012e+02 -7.206219e+01 2.209336e+01 -3.118962e+00 
-8.089359e-01 5.835287e+00 -7.112058e+00 -4.989832e+00 -1.558335e+00 1.105791e+00 -4.792313e+00 -7.184071e+00 8.459378e+00 8.594422e+00 1.425665e+01 -8.708895e+00 -3.766684e+00 -1.430035e+01 -3.684053e+00 2.999601e+01 -7.206219e+01 5.534604e+01 -3.201646e+01 4.891727e+00 
8.355343e+00 4.635002e+00 3.276451e+00 2.492788e+00 -1.248985e+01 -2.537197e+00 1.918307e+00 6.168172e+00 -1.670916e+01 5.072456e+00 -2.348697e+01 5.214190e+00 -1.752667e+01 5.636266e+00 1.062309e+01 -1.627522e+01 2.209336e+01 -3.201646e+01 1.105678e+02 -2.226933e+01 
1.632053e+01 -1.187417e+01 -1.133267e+01 -2.237954e+00 1.942993e+00 4.596616e+00 3.755205e+00 5.599649e+00 2.152950e+00 6.949139e+00 5.589887e+00 -1.615579e+01 -1.059001e+01 -1.824805e+01 1.035797e+01 1.757240e+01 -3.118962e+00 4.891727e+00 -2.226933e+01 5.756771e+01 
detCovars
1.733444e-32 
dha dhe dhin ge ke na te tin tun 