priors
1.517247e-01 1.300832e-02 2.425876e-02 8.527677e-02 1.382085e-01 1.358647e-01 4.273604e-01 1.562561e-04 2.414157e-02 
means
-9.781464e-03 1.428941e-01 -1.308930e-01 3.510704e-02 5.550141e-02 -1.976620e-02 1.428287e-01 7.752268e-02 1.130984e-01 9.579726e-02 -2.904548e-02 -5.210118e-02 1.683336e-01 2.232246e-01 8.434288e-02 -8.911464e-03 -4.129701e-02 -9.929224e-04 6.565043e-02 5.421894e-02 
-3.935922e-01 3.745912e-01 1.033962e-01 2.779862e-01 3.694876e-01 2.719080e-01 1.649761e-01 -7.426411e-03 9.333051e-03 8.829947e-02 4.216963e-02 1.869126e-02 -8.328268e-02 -1.655203e-01 8.719556e-02 7.538508e-02 1.513561e-01 1.546525e-01 2.098271e-02 -1.210307e-02 
2.072620e-01 3.949154e-01 7.246210e-02 1.833202e-01 6.890712e-02 8.169672e-02 7.712682e-02 -2.326649e-02 -9.186756e-02 6.047901e-02 1.901148e-01 7.390447e-02 -9.380063e-02 -6.008796e-02 8.800025e-02 1.564904e-01 1.490386e-01 -8.436498e-02 -9.270909e-02 -1.482987e-02 
4.463252e-01 3.844756e-01 3.472301e-02 1.057429e-01 9.558663e-02 3.469468e-02 2.075856e-01 -1.249932e-02 -3.784988e-03 6.950737e-02 2.048295e-01 1.660765e-01 9.773630e-03 -2.833710e-02 1.215209e-01 1.582266e-01 1.412888e-01 1.065976e-01 -6.269382e-04 -1.478132e-01 
-1.389357e-01 -4.888416e-02 -4.607656e-02 -6.411940e-02 3.499085e-02 -1.060350e-02 -8.115392e-03 7.024961e-02 3.548092e-02 -4.851660e-02 2.725864e-01 5.450203e-02 -1.351384e-01 -1.438266e-01 -5.842608e-03 1.062552e-01 8.913992e-02 -3.061569e-02 9.116519e-02 -7.754177e-02 
-2.143934e-01 -1.214978e-01 -2.231077e-01 -4.648957e-02 -3.916981e-02 -5.819635e-02 1.278516e-02 1.850920e-02 4.909678e-02 1.069014e-01 -4.231758e-02 -8.849278e-02 4.032431e-02 2.650864e-01 2.330670e-01 -4.071846e-02 -7.358178e-02 -4.980530e-02 -5.484990e-02 -1.386179e-02 
4.999578e-03 -1.210423e-01 1.135899e-01 -1.891276e-02 -5.407401e-02 7.871320e-03 -9.223367e-02 -4.668029e-02 -5.486276e-02 -6.593684e-02 -1.206911e-01 -8.178273e-03 -2.124212e-02 -1.070451e-01 -1.416711e-01 -6.453952e-02 -3.173855e-02 1.845093e-02 -1.946169e-02 4.745712e-02 
3.627181e-01 3.460894e-01 -1.192070e-01 3.640867e-01 4.252721e-01 4.712488e-01 3.656629e-01 3.542963e-01 3.051992e-01 2.236691e-01 4.747249e-02 1.173671e-01 -3.696538e-02 -9.202479e-03 1.849840e-01 2.332564e-01 2.377216e-01 2.352672e-01 -2.362947e-02 -2.183719e-01 
3.998195e-01 2.492688e-01 8.082385e-02 3.299460e-02 1.980549e-02 1.889850e-02 -1.924265e-01 -9.796682e-02 -1.203588e-01 -1.140278e-01 5.907236e-02 -1.351523e-02 -3.034280e-02 7.327824e-02 1.337434e-01 6.106284e-02 -6.765604e-03 -2.414364e-01 -1.970900e-01 -1.139544e-01 
covars
7.507189e-02 4.412385e-02 1.051676e-02 2.105980e-03 -1.132600e-02 -1.493115e-03 3.495623e-03 9.718653e-03 6.160364e-03 8.489818e-03 2.755202e-02 2.683305e-02 2.099160e-02 1.538502e-02 5.856595e-03 4.579450e-03 -9.216439e-04 -4.898530e-03 -3.456687e-03 3.981704e-04 
4.412385e-02 7.714802e-02 1.324024e-02 1.091882e-02 1.583140e-02 -2.943748e-03 2.015785e-02 9.145830e-03 1.122598e-02 7.619660e-03 3.144920e-02 1.816144e-02 1.603342e-02 2.608306e-02 2.588692e-02 1.341164e-02 7.939847e-03 4.252223e-03 2.987215e-03 9.583129e-03 
1.051676e-02 1.324024e-02 6.001334e-02 1.826453e-02 6.685052e-03 8.759282e-03 -2.543450e-03 2.182585e-03 -8.004671e-04 -3.032519e-03 8.360539e-03 2.588803e-03 -5.081545e-03 -1.393558e-02 -4.656876e-03 1.396514e-03 7.269301e-03 1.262812e-02 3.248882e-03 6.894564e-03 
2.105980e-03 1.091882e-02 1.826453e-02 3.541173e-02 2.158135e-02 2.136929e-02 1.477347e-02 4.760097e-03 4.505713e-03 1.113427e-02 -1.859695e-05 -2.098199e-03 -2.744207e-03 1.938855e-04 6.536055e-03 6.766322e-03 9.416942e-03 1.473189e-02 2.378565e-03 -3.500077e-03 
-1.132600e-02 1.583140e-02 6.685052e-03 2.158135e-02 8.165760e-02 4.247630e-02 4.445254e-02 -8.167472e-03 1.224379e-02 1.226018e-02 -3.558286e-02 -2.899864e-02 -4.136340e-02 -1.390474e-02 2.763576e-02 2.986427e-02 4.138322e-02 3.979099e-02 -3.715739e-03 -3.796419e-02 
-1.493115e-03 -2.943748e-03 8.759282e-03 2.136929e-02 4.247630e-02 7.053538e-02 3.859289e-02 3.006134e-03 1.191494e-02 1.644945e-02 -3.000484e-02 -1.522617e-02 -2.622463e-02 -2.204721e-02 1.333750e-02 1.823122e-02 3.112657e-02 3.210824e-02 -5.448977e-03 -3.580993e-02 
3.495623e-03 2.015785e-02 -2.543450e-03 1.477347e-02 4.445254e-02 3.859289e-02 6.636853e-02 1.474072e-02 2.233377e-02 1.901417e-02 -1.564375e-02 -1.356471e-02 -1.828207e-02 1.135354e-03 2.530772e-02 2.358043e-02 2.921665e-02 3.048816e-02 -2.565358e-03 -3.137349e-02 
9.718653e-03 9.145830e-03 2.182585e-03 4.760097e-03 -8.167472e-03 3.006134e-03 1.474072e-02 5.331125e-02 1.775960e-02 8.933848e-03 2.216580e-02 7.696973e-03 1.630130e-02 1.060849e-02 8.148832e-03 -1.787404e-03 -6.407505e-03 -2.145290e-03 2.381091e-03 -3.364034e-04 
6.160364e-03 1.122598e-02 -8.004671e-04 4.505713e-03 1.224379e-02 1.191494e-02 2.233377e-02 1.775960e-02 3.062857e-02 2.046044e-02 3.102487e-03 2.065897e-03 6.708687e-03 1.558424e-02 1.523294e-02 4.446683e-03 4.938976e-03 7.034327e-03 2.899117e-03 -4.246756e-03 
8.489818e-03 7.619660e-03 -3.032519e-03 1.113427e-02 1.226018e-02 1.644945e-02 1.901417e-02 8.933848e-03 2.046044e-02 5.400649e-02 1.479922e-02 9.659195e-04 1.430624e-02 1.688445e-02 2.111270e-02 8.287141e-03 9.912784e-03 6.035080e-03 1.356835e-03 -1.170616e-02 
2.755202e-02 3.144920e-02 8.360539e-03 -1.859695e-05 -3.558286e-02 -3.000484e-02 -1.564375e-02 2.216580e-02 3.102487e-03 1.479922e-02 1.057495e-01 4.000732e-02 4.005521e-02 2.552927e-02 -6.162559e-04 -3.845456e-03 -1.865629e-02 -2.920652e-02 1.637488e-02 3.044728e-02 
2.683305e-02 1.816144e-02 2.588803e-03 -2.098199e-03 -2.899864e-02 -1.522617e-02 -1.356471e-02 7.696973e-03 2.065897e-03 9.659195e-04 4.000732e-02 4.007317e-02 2.986451e-02 1.108504e-02 -1.004316e-02 -9.323761e-03 -1.807321e-02 -1.817897e-02 6.973979e-03 2.646274e-02 
2.099160e-02 1.603342e-02 -5.081545e-03 -2.744207e-03 -4.136340e-02 -2.622463e-02 -1.828207e-02 1.630130e-02 6.708687e-03 1.430624e-02 4.005521e-02 2.986451e-02 6.019327e-02 3.820380e-02 -4.259441e-03 -2.130526e-02 -3.379710e-02 -2.604101e-02 1.114340e-02 3.985962e-02 
1.538502e-02 2.608306e-02 -1.393558e-02 1.938855e-04 -1.390474e-02 -2.204721e-02 1.135354e-03 1.060849e-02 1.558424e-02 1.688445e-02 2.552927e-02 1.108504e-02 3.820380e-02 6.268907e-02 1.921238e-02 -1.090300e-02 -2.141549e-02 -1.193268e-02 7.686259e-03 2.835436e-02 
5.856595e-03 2.588692e-02 -4.656876e-03 6.536055e-03 2.763576e-02 1.333750e-02 2.530772e-02 8.148832e-03 1.523294e-02 2.111270e-02 -6.162559e-04 -1.004316e-02 -4.259441e-03 1.921238e-02 5.263376e-02 2.401944e-02 2.534389e-02 2.305808e-02 -3.192790e-03 -2.206210e-02 
4.579450e-03 1.341164e-02 1.396514e-03 6.766322e-03 2.986427e-02 1.823122e-02 2.358043e-02 -1.787404e-03 4.446683e-03 8.287141e-03 -3.845456e-03 -9.323761e-03 -2.130526e-02 -1.090300e-02 2.401944e-02 2.853408e-02 3.241369e-02 2.418441e-02 -3.495141e-03 -2.841914e-02 
-9.216439e-04 7.939847e-03 7.269301e-03 9.416942e-03 4.138322e-02 3.112657e-02 2.921665e-02 -6.407505e-03 4.938976e-03 9.912784e-03 -1.865629e-02 -1.807321e-02 -3.379710e-02 -2.141549e-02 2.534389e-02 3.241369e-02 4.470459e-02 3.735540e-02 -5.629239e-03 -3.840262e-02 
-4.898530e-03 4.252223e-03 1.262812e-02 1.473189e-02 3.979099e-02 3.210824e-02 3.048816e-02 -2.145290e-03 7.034327e-03 6.035080e-03 -2.920652e-02 -1.817897e-02 -2.604101e-02 -1.193268e-02 2.305808e-02 2.418441e-02 3.735540e-02 6.150707e-02 2.740512e-03 -2.732341e-02 
-3.456687e-03 2.987215e-03 3.248882e-03 2.378565e-03 -3.715739e-03 -5.448977e-03 -2.565358e-03 2.381091e-03 2.899117e-03 1.356835e-03 1.637488e-02 6.973979e-03 1.114340e-02 7.686259e-03 -3.192790e-03 -3.495141e-03 -5.629239e-03 2.740512e-03 1.830445e-02 1.661889e-02 
3.981704e-04 9.583129e-03 6.894564e-03 -3.500077e-03 -3.796419e-02 -3.580993e-02 -3.137349e-02 -3.364034e-04 -4.246756e-03 -1.170616e-02 3.044728e-02 2.646274e-02 3.985962e-02 2.835436e-02 -2.206210e-02 -2.841914e-02 -3.840262e-02 -2.732341e-02 1.661889e-02 7.145632e-02 
invCovars
3.615688e+01 -2.019489e+01 -7.519783e+00 5.702695e+00 7.159399e+00 -5.948029e+00 6.294814e+00 -2.592910e+00 2.401085e+00 -3.212406e+00 5.518999e+00 -1.909290e+01 -3.841519e+00 -1.482841e+01 1.692902e+01 -1.792999e+01 1.810027e+00 -1.354276e+00 8.019996e+00 1.613423e+01 
-2.019489e+01 4.671031e+01 -5.879567e+00 -2.248516e+00 -1.843490e+01 7.676991e+00 -1.366450e+01 2.141139e+00 3.448690e+00 1.264758e+01 -6.518345e+00 -6.889120e+00 -1.060319e+01 -3.848196e+00 -1.674049e+01 2.587199e+00 -1.324384e+01 7.389178e+00 4.675085e+00 -1.210299e+01 
-7.519783e+00 -5.879567e+00 3.233070e+01 -1.627604e+01 2.023058e+00 2.043109e+00 4.564036e+00 5.613373e-01 -8.724898e+00 2.070645e+00 -8.066741e+00 1.108018e+01 3.197784e+00 1.727797e+01 -4.227124e+00 2.997848e+01 -1.605884e+01 -7.656886e+00 2.862539e+00 -1.007264e+01 
5.702695e+00 -2.248516e+00 -1.627604e+01 5.437357e+01 -1.282776e+01 -1.453086e+01 1.188828e+00 -6.516678e+00 1.442230e+01 -9.560457e+00 1.548068e+00 -5.312656e+00 -2.558534e+00 -1.123090e+01 9.411349e+00 -2.561647e+01 2.052325e+01 -5.419219e+00 1.800255e+00 -1.363487e+00 
7.159399e+00 -1.843490e+01 2.023058e+00 -1.282776e+01 5.004906e+01 -6.782192e+00 -4.137854e+00 5.926202e+00 -9.646208e+00 -6.958028e+00 6.856633e+00 1.144441e+01 2.132614e+01 -5.051532e-02 1.204192e+00 -1.645755e+01 5.927083e+00 -1.050425e+00 -1.126090e+01 1.491913e+00 
-5.948029e+00 7.676991e+00 2.043109e+00 -1.453086e+01 -6.782192e+00 3.907073e+01 -1.372699e+01 7.493307e-02 -2.564847e+00 -2.255075e+00 2.607199e+00 -6.579192e+00 -2.340981e+00 1.180007e+01 -7.179226e+00 3.651463e+01 -2.801160e+01 8.750794e-01 -1.412615e+00 3.386765e+00 
6.294814e+00 -1.366450e+01 4.564036e+00 1.188828e+00 -4.137854e+00 -1.372699e+01 4.663211e+01 -1.045754e+01 -1.349938e+01 -3.742794e+00 4.014000e+00 1.825905e+00 4.771083e+00 -1.118438e+01 1.603745e+01 -3.021588e+01 9.528768e+00 -6.398695e+00 6.328148e-01 6.198790e+00 
-2.592910e+00 2.141139e+00 5.613373e-01 -6.516678e+00 5.926202e+00 7.493307e-02 -1.045754e+01 3.673643e+01 -2.315854e+01 9.145930e+00 -1.198084e+01 1.124395e+01 -1.031376e+01 1.510537e+01 -1.141406e+01 2.001529e+00 2.141027e+01 -6.599113e+00 6.962609e+00 3.579474e+00 
2.401085e+00 3.448690e+00 -8.724898e+00 1.442230e+01 -9.646208e+00 -2.564847e+00 -1.349938e+01 -2.315854e+01 8.206985e+01 -1.957340e+01 1.227130e+01 -2.456362e+01 7.156807e+00 -2.372572e+01 -1.531154e+00 1.437824e+01 -1.953586e+01 9.560591e+00 -1.614074e+01 1.743566e+00 
-3.212406e+00 1.264758e+01 2.070645e+00 -9.560457e+00 -6.958028e+00 -2.255075e+00 -3.742794e+00 9.145930e+00 -1.957340e+01 4.643113e+01 -1.147833e+01 5.779033e+00 -2.871169e+01 -2.237833e+00 -7.562983e+00 2.428858e+01 -3.428476e+01 7.287730e+00 5.137950e+00 7.815270e+00 
5.518999e+00 -6.518345e+00 -8.066741e+00 1.548068e+00 6.856633e+00 2.607199e+00 4.014000e+00 -1.198084e+01 1.227130e+01 -1.147833e+01 3.201349e+01 -2.115773e+01 5.640539e+00 -1.268742e+01 7.328554e+00 -2.860710e+01 -1.412202e-01 1.437870e+01 -2.302223e+01 4.946435e+00 
-1.909290e+01 -6.889120e+00 1.108018e+01 -5.312656e+00 1.144441e+01 -6.579192e+00 1.825905e+00 1.124395e+01 -2.456362e+01 5.779033e+00 -2.115773e+01 8.814684e+01 -1.860567e+01 2.953923e+01 1.119707e+00 -2.167105e+01 3.005208e+01 -9.735885e+00 7.884913e+00 -1.982464e+01 
-3.841519e+00 -1.060319e+01 3.197784e+00 -2.558534e+00 2.132614e+01 -2.340981e+00 4.771083e+00 -1.031376e+01 7.156807e+00 -2.871169e+01 5.640539e+00 -1.860567e+01 8.664115e+01 -1.397809e+01 -6.910773e+00 -3.046244e+00 3.668137e+01 -4.076182e+00 -1.788692e+01 -1.039200e+01 
-1.482841e+01 -3.848196e+00 1.727797e+01 -1.123090e+01 -5.051532e-02 1.180007e+01 -1.118438e+01 1.510537e+01 -2.372572e+01 -2.237833e+00 -1.268742e+01 2.953923e+01 -1.397809e+01 7.739222e+01 -4.052098e+01 2.048327e+01 4.093701e+01 -1.385932e+01 5.687384e+00 -1.977971e+01 
1.692902e+01 -1.674049e+01 -4.227124e+00 9.411349e+00 1.204192e+00 -7.179226e+00 1.603745e+01 -1.141406e+01 -1.531154e+00 -7.562983e+00 7.328554e+00 1.119707e+00 -6.910773e+00 -4.052098e+01 7.762094e+01 -6.388968e+01 -6.716146e+00 -5.136585e+00 1.099664e+01 1.254037e+01 
-1.792999e+01 2.587199e+00 2.997848e+01 -2.561647e+01 -1.645755e+01 3.651463e+01 -3.021588e+01 2.001529e+00 1.437824e+01 2.428858e+01 -2.860710e+01 -2.167105e+01 -3.046244e+00 2.048327e+01 -6.388968e+01 4.178618e+02 -2.865137e+02 2.582451e+01 -1.872674e+01 1.723672e+01 
1.810027e+00 -1.324384e+01 -1.605884e+01 2.052325e+01 5.927083e+00 -2.801160e+01 9.528768e+00 2.141027e+01 -1.953586e+01 -3.428476e+01 -1.412202e-01 3.005208e+01 3.668137e+01 4.093701e+01 -6.716146e+00 -2.865137e+02 3.707534e+02 -6.914642e+01 2.209206e+01 -5.184941e+00 
-1.354276e+00 7.389178e+00 -7.656886e+00 -5.419219e+00 -1.050425e+00 8.750794e-01 -6.398695e+00 -6.599113e+00 9.560591e+00 7.287730e+00 1.437870e+01 -9.735885e+00 -4.076182e+00 -1.385932e+01 -5.136585e+00 2.582451e+01 -6.914642e+01 5.632206e+01 -3.153397e+01 3.938048e+00 
8.019996e+00 4.675085e+00 2.862539e+00 1.800255e+00 -1.126090e+01 -1.412615e+00 6.328148e-01 6.962609e+00 -1.614074e+01 5.137950e+00 -2.302223e+01 7.884913e+00 -1.788692e+01 5.687384e+00 1.099664e+01 -1.872674e+01 2.209206e+01 -3.153397e+01 1.096610e+02 -2.248891e+01 
1.613423e+01 -1.210299e+01 -1.007264e+01 -1.363487e+00 1.491913e+00 3.386765e+00 6.198790e+00 3.579474e+00 1.743566e+00 7.815270e+00 4.946435e+00 -1.982464e+01 -1.039200e+01 -1.977971e+01 1.254037e+01 1.723672e+01 -5.184941e+00 3.938048e+00 -2.248891e+01 5.660163e+01 
detCovars
1.078996e-32 
dha dhe dhin ge ke na te tin tun 