priors
1.443126e-01 1.299867e-02 2.509954e-02 8.618940e-02 1.460692e-01 1.342025e-01 4.276290e-01 1.561402e-04 2.334296e-02 
means
-1.431408e-02 1.270973e-01 -1.321277e-01 4.405908e-02 5.943395e-02 -1.473309e-02 1.542140e-01 9.209699e-02 1.146875e-01 1.159985e-01 -2.296804e-02 -6.323075e-02 1.716544e-01 2.244538e-01 8.632102e-02 -6.251121e-03 -3.589749e-02 4.820811e-03 6.155737e-02 3.120921e-02 
-3.905814e-01 3.732459e-01 1.006531e-01 2.768894e-01 3.563559e-01 2.586859e-01 1.583717e-01 -8.622069e-05 9.250941e-03 9.217925e-02 5.711165e-02 2.988651e-02 -6.496519e-02 -1.553272e-01 7.946283e-02 6.512843e-02 1.376124e-01 1.395415e-01 2.506785e-02 2.786859e-03 
2.252530e-01 3.875988e-01 8.639053e-02 1.939805e-01 5.492690e-02 8.719974e-02 8.103539e-02 -2.696194e-02 -9.875140e-02 6.998591e-02 1.921027e-01 6.658487e-02 -1.085077e-01 -6.718060e-02 9.227558e-02 1.713659e-01 1.632833e-01 -1.180574e-01 -1.269630e-01 -2.578359e-02 
4.557791e-01 3.818560e-01 3.271903e-02 1.071228e-01 8.115572e-02 3.156758e-02 2.051455e-01 -1.450908e-03 9.777170e-04 7.284622e-02 2.147202e-01 1.737699e-01 2.573568e-02 -1.609398e-02 1.179926e-01 1.516463e-01 1.310839e-01 9.586346e-02 7.448879e-04 -1.417044e-01 
-1.270941e-01 -4.567257e-02 -5.222026e-02 -6.549345e-02 1.839861e-02 -7.818046e-03 -1.268819e-02 7.149293e-02 4.392166e-02 -4.904835e-02 2.718736e-01 7.045993e-02 -1.228275e-01 -1.348795e-01 -6.941629e-03 9.800047e-02 8.129055e-02 -2.189932e-02 9.303330e-02 -6.841136e-02 
-2.188365e-01 -1.316014e-01 -2.228166e-01 -4.500036e-02 -4.842039e-02 -5.359080e-02 1.683256e-02 2.403192e-02 5.444052e-02 1.190022e-01 -4.045988e-02 -8.501448e-02 5.272658e-02 2.684393e-01 2.312438e-01 -4.230775e-02 -7.492584e-02 -5.151764e-02 -4.975665e-02 -1.120919e-02 
1.858529e-03 -1.108533e-01 1.132700e-01 -2.142540e-02 -4.177963e-02 4.216814e-03 -9.337495e-02 -5.579725e-02 -5.884782e-02 -7.599964e-02 -1.332856e-01 -1.576867e-02 -2.835587e-02 -1.065216e-01 -1.387527e-01 -6.446561e-02 -3.225071e-02 1.810831e-02 -2.005827e-02 5.209691e-02 
3.694839e-01 3.446828e-01 -1.213966e-01 3.631207e-01 4.133021e-01 4.559544e-01 3.606458e-01 3.643115e-01 3.050931e-01 2.269728e-01 6.249053e-02 1.296468e-01 -1.772240e-02 2.900088e-03 1.780797e-01 2.247510e-01 2.253766e-01 2.203088e-01 -1.899254e-02 -2.065909e-01 
3.978137e-01 2.505651e-01 8.065282e-02 2.793199e-02 1.272070e-03 1.343893e-02 -1.953933e-01 -1.007700e-01 -1.234207e-01 -9.918048e-02 8.346867e-02 -3.077133e-03 -1.834626e-02 8.262237e-02 1.418604e-01 6.765432e-02 -2.885446e-03 -2.345122e-01 -1.892735e-01 -1.040287e-01 
covars
7.565526e-02 4.394458e-02 9.746742e-03 2.415483e-03 -1.141842e-02 -3.881198e-04 4.765487e-03 1.093514e-02 6.366586e-03 8.089450e-03 2.826975e-02 2.713085e-02 2.056978e-02 1.457545e-02 5.914700e-03 5.224818e-03 -4.337743e-04 -4.785595e-03 -3.965713e-03 -8.578711e-04 
4.394458e-02 7.556339e-02 1.383237e-02 1.117815e-02 1.622248e-02 -2.057242e-03 1.981550e-02 8.421842e-03 1.016882e-02 6.632535e-03 3.023081e-02 1.781367e-02 1.440223e-02 2.420732e-02 2.488572e-02 1.377326e-02 8.742601e-03 5.153413e-03 2.021035e-03 8.796670e-03 
9.746742e-03 1.383237e-02 6.005535e-02 1.813577e-02 7.939985e-03 7.838269e-03 -3.397913e-03 1.442957e-04 -1.508835e-03 -3.820242e-03 7.025007e-03 1.873642e-03 -5.997638e-03 -1.395652e-02 -4.404329e-03 1.517893e-03 7.283098e-03 1.245235e-02 3.177046e-03 7.900492e-03 
2.415483e-03 1.117815e-02 1.813577e-02 3.603900e-02 2.113539e-02 2.096393e-02 1.521848e-02 5.176798e-03 4.497357e-03 1.173936e-02 4.067786e-04 -1.904855e-03 -1.886460e-03 1.245820e-03 6.539705e-03 6.633404e-03 9.268071e-03 1.431142e-02 2.298302e-03 -3.314353e-03 
-1.141842e-02 1.622248e-02 7.939985e-03 2.113539e-02 8.764747e-02 4.311073e-02 4.556821e-02 -9.911903e-03 1.184922e-02 1.161950e-02 -4.039972e-02 -3.249580e-02 -4.517199e-02 -1.468178e-02 2.940242e-02 3.142264e-02 4.410949e-02 4.218594e-02 -4.614968e-03 -4.046130e-02 
-3.881198e-04 -2.057242e-03 7.838269e-03 2.096393e-02 4.311073e-02 6.962919e-02 3.970244e-02 3.948496e-03 1.274351e-02 1.693778e-02 -3.012390e-02 -1.540468e-02 -2.655999e-02 -2.056883e-02 1.473490e-02 1.881468e-02 3.189496e-02 3.248587e-02 -5.726411e-03 -3.706466e-02 
4.765487e-03 1.981550e-02 -3.397913e-03 1.521848e-02 4.556821e-02 3.970244e-02 6.920171e-02 1.721936e-02 2.322243e-02 2.113706e-02 -1.558535e-02 -1.419146e-02 -1.825152e-02 1.768798e-03 2.671163e-02 2.446639e-02 3.054776e-02 3.117291e-02 -3.576059e-03 -3.425244e-02 
1.093514e-02 8.421842e-03 1.442957e-04 5.176798e-03 -9.911903e-03 3.948496e-03 1.721936e-02 5.808195e-02 1.949526e-02 1.132926e-02 2.570411e-02 9.277855e-03 1.904398e-02 1.225756e-02 8.093164e-03 -2.073865e-03 -7.341529e-03 -2.502275e-03 2.866590e-03 -1.792861e-03 
6.366586e-03 1.016882e-02 -1.508835e-03 4.497357e-03 1.184922e-02 1.274351e-02 2.322243e-02 1.949526e-02 3.176452e-02 2.145527e-02 4.021938e-03 2.636205e-03 7.095393e-03 1.560129e-02 1.572648e-02 4.535380e-03 5.075017e-03 7.441901e-03 2.982329e-03 -5.621374e-03 
8.089450e-03 6.632535e-03 -3.820242e-03 1.173936e-02 1.161950e-02 1.693778e-02 2.113706e-02 1.132926e-02 2.145527e-02 5.531977e-02 1.647768e-02 7.876983e-04 1.573601e-02 1.812705e-02 2.176700e-02 8.150897e-03 9.504404e-03 4.976890e-03 1.672649e-03 -1.282505e-02 
2.826975e-02 3.023081e-02 7.025007e-03 4.067786e-04 -4.039972e-02 -3.012390e-02 -1.558535e-02 2.570411e-02 4.021938e-03 1.647768e-02 1.137758e-01 4.401955e-02 4.498851e-02 2.672731e-02 -2.194032e-03 -5.035774e-03 -2.133787e-02 -3.219056e-02 1.758715e-02 3.246396e-02 
2.713085e-02 1.781367e-02 1.873642e-03 -1.904855e-03 -3.249580e-02 -1.540468e-02 -1.419146e-02 9.277855e-03 2.636205e-03 7.876983e-04 4.401955e-02 4.326093e-02 3.241147e-02 1.134596e-02 -1.112088e-02 -1.026252e-02 -1.971978e-02 -1.957519e-02 7.703224e-03 2.829791e-02 
2.056978e-02 1.440223e-02 -5.997638e-03 -1.886460e-03 -4.517199e-02 -2.655999e-02 -1.825152e-02 1.904398e-02 7.095393e-03 1.573601e-02 4.498851e-02 3.241147e-02 6.456574e-02 3.950026e-02 -5.831883e-03 -2.292138e-02 -3.638749e-02 -2.753514e-02 1.227297e-02 4.121279e-02 
1.457545e-02 2.420732e-02 -1.395652e-02 1.245820e-03 -1.468178e-02 -2.056883e-02 1.768798e-03 1.225756e-02 1.560129e-02 1.812705e-02 2.672731e-02 1.134596e-02 3.950026e-02 6.263113e-02 1.838707e-02 -1.138515e-02 -2.178917e-02 -1.126458e-02 8.067731e-03 2.762037e-02 
5.914700e-03 2.488572e-02 -4.404329e-03 6.539705e-03 2.940242e-02 1.473490e-02 2.671163e-02 8.093164e-03 1.572648e-02 2.176700e-02 -2.194032e-03 -1.112088e-02 -5.831883e-03 1.838707e-02 5.362508e-02 2.525425e-02 2.720790e-02 2.442562e-02 -3.606392e-03 -2.440556e-02 
5.224818e-03 1.377326e-02 1.517893e-03 6.633404e-03 3.142264e-02 1.881468e-02 2.446639e-02 -2.073865e-03 4.535380e-03 8.150897e-03 -5.035774e-03 -1.026252e-02 -2.292138e-02 -1.138515e-02 2.525425e-02 2.993371e-02 3.416746e-02 2.483610e-02 -4.356979e-03 -3.028645e-02 
-4.337743e-04 8.742601e-03 7.283098e-03 9.268071e-03 4.410949e-02 3.189496e-02 3.054776e-02 -7.341529e-03 5.075017e-03 9.504404e-03 -2.133787e-02 -1.971978e-02 -3.638749e-02 -2.178917e-02 2.720790e-02 3.416746e-02 4.714585e-02 3.858476e-02 -6.653008e-03 -4.078908e-02 
-4.785595e-03 5.153413e-03 1.245235e-02 1.431142e-02 4.218594e-02 3.248587e-02 3.117291e-02 -2.502275e-03 7.441901e-03 4.976890e-03 -3.219056e-02 -1.957519e-02 -2.753514e-02 -1.126458e-02 2.442562e-02 2.483610e-02 3.858476e-02 6.382436e-02 2.708862e-03 -2.916462e-02 
-3.965713e-03 2.021035e-03 3.177046e-03 2.298302e-03 -4.614968e-03 -5.726411e-03 -3.576059e-03 2.866590e-03 2.982329e-03 1.672649e-03 1.758715e-02 7.703224e-03 1.227297e-02 8.067731e-03 -3.606392e-03 -4.356979e-03 -6.653008e-03 2.708862e-03 1.899740e-02 1.708227e-02 
-8.578711e-04 8.796670e-03 7.900492e-03 -3.314353e-03 -4.046130e-02 -3.706466e-02 -3.425244e-02 -1.792861e-03 -5.621374e-03 -1.282505e-02 3.246396e-02 2.829791e-02 4.121279e-02 2.762037e-02 -2.440556e-02 -3.028645e-02 -4.078908e-02 -2.916462e-02 1.708227e-02 7.580880e-02 
invCovars
3.510484e+01 -1.971621e+01 -7.346542e+00 6.095849e+00 6.228269e+00 -5.839643e+00 5.658595e+00 -2.410531e+00 2.206636e+00 -3.242999e+00 5.059922e+00 -1.787610e+01 -3.575448e+00 -1.330041e+01 1.562046e+01 -1.781503e+01 3.123046e+00 -9.857750e-01 8.225882e+00 1.495563e+01 
-1.971621e+01 4.578419e+01 -5.963686e+00 -2.500027e+00 -1.697966e+01 7.414760e+00 -1.243710e+01 2.083834e+00 3.308917e+00 1.234474e+01 -5.848940e+00 -7.247578e+00 -8.858201e+00 -4.859291e+00 -1.540386e+01 1.583074e+00 -1.211500e+01 6.071785e+00 5.007014e+00 -1.153842e+01 
-7.346542e+00 -5.963686e+00 3.216856e+01 -1.607003e+01 1.305718e+00 2.236816e+00 4.870773e+00 7.048430e-01 -8.242041e+00 1.654519e+00 -7.858241e+00 1.157204e+01 2.812148e+00 1.742437e+01 -4.428055e+00 2.848578e+01 -1.469616e+01 -7.619080e+00 2.686798e+00 -1.009022e+01 
6.095849e+00 -2.500027e+00 -1.607003e+01 5.271796e+01 -1.082780e+01 -1.438925e+01 5.287903e-01 -6.395112e+00 1.441259e+01 -9.825736e+00 2.077697e+00 -6.123753e+00 -2.639510e+00 -1.192207e+01 1.010006e+01 -2.438470e+01 1.704425e+01 -4.368470e+00 1.903472e+00 -1.235983e+00 
6.228269e+00 -1.697966e+01 1.305718e+00 -1.082780e+01 4.565060e+01 -6.383767e+00 -4.442756e+00 5.623431e+00 -8.571573e+00 -6.185393e+00 6.119624e+00 1.224326e+01 1.906039e+01 3.244020e-01 7.721374e-01 -1.572539e+01 6.636282e+00 -1.082974e+00 -1.154535e+01 1.169445e+00 
-5.839643e+00 7.414760e+00 2.236816e+00 -1.438925e+01 -6.383767e+00 3.946460e+01 -1.296425e+01 -1.787281e-01 -2.862078e+00 -2.482686e+00 2.438875e+00 -7.162771e+00 -1.180489e+00 1.106026e+01 -6.617751e+00 3.595225e+01 -2.764575e+01 1.345072e-01 -1.215265e+00 3.530122e+00 
5.658595e+00 -1.243710e+01 4.870773e+00 5.287903e-01 -4.442756e+00 -1.296425e+01 4.447816e+01 -1.064681e+01 -1.217229e+01 -4.471207e+00 3.392088e+00 2.032924e+00 3.427584e+00 -1.009320e+01 1.503746e+01 -2.707974e+01 6.691123e+00 -5.455727e+00 2.178600e+00 5.133928e+00 
-2.410531e+00 2.083834e+00 7.048430e-01 -6.395112e+00 5.623431e+00 -1.787281e-01 -1.064681e+01 3.513900e+01 -2.183338e+01 9.074578e+00 -1.160688e+01 1.081550e+01 -1.012421e+01 1.345409e+01 -1.011018e+01 1.903392e+00 2.054871e+01 -6.316383e+00 6.351681e+00 4.464532e+00 
2.206636e+00 3.308917e+00 -8.242041e+00 1.441259e+01 -8.571573e+00 -2.862078e+00 -1.217229e+01 -2.183338e+01 7.864405e+01 -1.944402e+01 1.171318e+01 -2.521002e+01 8.567338e+00 -2.163953e+01 -2.914701e+00 1.301558e+01 -1.609403e+01 7.988973e+00 -1.545643e+01 1.461344e+00 
-3.242999e+00 1.234474e+01 1.654519e+00 -9.825736e+00 -6.185393e+00 -2.482686e+00 -4.471207e+00 9.074578e+00 -1.944402e+01 4.687178e+01 -1.108630e+01 7.229691e+00 -2.792458e+01 -2.106373e+00 -8.357763e+00 2.414664e+01 -3.344872e+01 8.629424e+00 3.926396e+00 7.487230e+00 
5.059922e+00 -5.848940e+00 -7.858241e+00 2.077697e+00 6.119624e+00 2.438875e+00 3.392088e+00 -1.160688e+01 1.171318e+01 -1.108630e+01 3.089007e+01 -2.055831e+01 4.510943e+00 -1.193772e+01 7.293432e+00 -2.921316e+01 8.452533e-01 1.414914e+01 -2.257236e+01 4.359922e+00 
-1.787610e+01 -7.247578e+00 1.157204e+01 -6.123753e+00 1.224326e+01 -7.162771e+00 2.032924e+00 1.081550e+01 -2.521002e+01 7.229691e+00 -2.055831e+01 8.476016e+01 -1.864673e+01 2.841705e+01 7.649254e-01 -1.781726e+01 2.520166e+01 -8.982954e+00 6.157433e+00 -1.848182e+01 
-3.575448e+00 -8.858201e+00 2.812148e+00 -2.639510e+00 1.906039e+01 -1.180489e+00 3.427584e+00 -1.012421e+01 8.567338e+00 -2.792458e+01 4.510943e+00 -1.864673e+01 8.188169e+01 -1.457696e+01 -5.904070e+00 -3.090853e+00 3.577444e+01 -4.511649e+00 -1.658300e+01 -8.665374e+00 
-1.330041e+01 -4.859291e+00 1.742437e+01 -1.192207e+01 3.244020e-01 1.106026e+01 -1.009320e+01 1.345409e+01 -2.163953e+01 -2.106373e+00 -1.193772e+01 2.841705e+01 -1.457696e+01 7.394779e+01 -3.797159e+01 2.121716e+01 3.694691e+01 -1.378679e+01 5.059346e+00 -1.737180e+01 
1.562046e+01 -1.540386e+01 -4.428055e+00 1.010006e+01 7.721374e-01 -6.617751e+00 1.503746e+01 -1.011018e+01 -2.914701e+00 -8.357763e+00 7.293432e+00 7.649254e-01 -5.904070e+00 -3.797159e+01 7.506599e+01 -6.246822e+01 -6.258363e+00 -4.490835e+00 9.999368e+00 1.046594e+01 
-1.781503e+01 1.583074e+00 2.848578e+01 -2.438470e+01 -1.572539e+01 3.595225e+01 -2.707974e+01 1.903392e+00 1.301558e+01 2.414664e+01 -2.921316e+01 -1.781726e+01 -3.090853e+00 2.121716e+01 -6.246822e+01 4.035180e+02 -2.756435e+02 2.419736e+01 -1.482058e+01 1.617268e+01 
3.123046e+00 -1.211500e+01 -1.469616e+01 1.704425e+01 6.636282e+00 -2.764575e+01 6.691123e+00 2.054871e+01 -1.609403e+01 -3.344872e+01 8.452533e-01 2.520166e+01 3.577444e+01 3.694691e+01 -6.258363e+00 -2.756435e+02 3.544174e+02 -6.513445e+01 2.175314e+01 -3.680937e+00 
-9.857750e-01 6.071785e+00 -7.619080e+00 -4.368470e+00 -1.082974e+00 1.345072e-01 -5.455727e+00 -6.316383e+00 7.988973e+00 8.629424e+00 1.414914e+01 -8.982954e+00 -4.511649e+00 -1.378679e+01 -4.490835e+00 2.419736e+01 -6.513445e+01 5.435272e+01 -3.237270e+01 4.963259e+00 
8.225882e+00 5.007014e+00 2.686798e+00 1.903472e+00 -1.154535e+01 -1.215265e+00 2.178600e+00 6.351681e+00 -1.545643e+01 3.926396e+00 -2.257236e+01 6.157433e+00 -1.658300e+01 5.059346e+00 9.999368e+00 -1.482058e+01 2.175314e+01 -3.237270e+01 1.070210e+02 -1.981570e+01 
1.495563e+01 -1.153842e+01 -1.009022e+01 -1.235983e+00 1.169445e+00 3.530122e+00 5.133928e+00 4.464532e+00 1.461344e+00 7.487230e+00 4.359922e+00 -1.848182e+01 -8.665374e+00 -1.737180e+01 1.046594e+01 1.617268e+01 -3.680937e+00 4.963259e+00 -1.981570e+01 5.214365e+01 
detCovars
2.119993e-32 
dha dhe dhin ge ke na te tin tun 