priors
1.472340e-01 1.296376e-02 2.534356e-02 8.237630e-02 1.427181e-01 1.251995e-01 4.401059e-01 1.557208e-04 2.390314e-02 
means
-6.815945e-03 1.453983e-01 -1.380257e-01 3.216337e-02 4.437368e-02 -2.334369e-02 1.419322e-01 8.373485e-02 1.186879e-01 9.733322e-02 -2.186242e-02 -4.331000e-02 1.820001e-01 2.325245e-01 8.425630e-02 -1.323431e-02 -4.864899e-02 -9.218754e-03 6.621991e-02 6.397473e-02 
-3.941379e-01 3.715692e-01 9.709679e-02 2.784736e-01 3.683636e-01 2.766320e-01 1.714177e-01 4.728728e-04 1.443387e-02 9.613955e-02 4.544739e-02 1.864294e-02 -7.948766e-02 -1.626478e-01 9.038083e-02 7.654411e-02 1.525551e-01 1.544244e-01 2.079493e-02 -1.860123e-02 
2.164298e-01 3.908969e-01 7.433997e-02 1.906251e-01 6.672696e-02 9.149553e-02 8.740124e-02 -2.343785e-02 -9.258029e-02 7.004337e-02 1.845213e-01 6.171422e-02 -1.107830e-01 -6.848208e-02 9.877223e-02 1.722851e-01 1.662295e-01 -9.952102e-02 -1.146789e-01 -3.545345e-02 
4.388844e-01 3.875258e-01 3.459898e-02 1.061388e-01 8.861977e-02 3.175221e-02 2.074102e-01 -1.357291e-02 -5.952662e-03 8.246436e-02 2.225551e-01 1.714767e-01 2.028444e-02 -2.408241e-02 1.185051e-01 1.544963e-01 1.368823e-01 1.017883e-01 3.363746e-03 -1.398654e-01 
-1.379094e-01 -4.516292e-02 -4.723789e-02 -6.144148e-02 3.534115e-02 -2.759229e-03 -3.214064e-03 7.160565e-02 4.255922e-02 -4.490623e-02 2.641210e-01 5.734128e-02 -1.359303e-01 -1.419809e-01 -6.274843e-04 1.054298e-01 9.188941e-02 -1.602019e-02 9.108646e-02 -7.983756e-02 
-2.040426e-01 -1.118271e-01 -2.298894e-01 -4.516051e-02 -5.988777e-02 -8.531170e-02 -2.320659e-03 2.936295e-02 4.590584e-02 1.042282e-01 -1.269564e-02 -7.502697e-02 7.052362e-02 2.972523e-01 2.329506e-01 -5.538472e-02 -1.015009e-01 -7.332820e-02 -4.936148e-02 7.526665e-03 
1.853066e-04 -1.216312e-01 1.092385e-01 -1.905715e-02 -4.164232e-02 1.229862e-02 -8.476898e-02 -5.096356e-02 -5.445851e-02 -6.423572e-02 -1.317661e-01 -1.826456e-02 -3.048795e-02 -1.072874e-01 -1.321752e-01 -5.839604e-02 -2.383971e-02 2.449679e-02 -2.174956e-02 3.771328e-02 
3.614917e-01 3.429297e-01 -1.242355e-01 3.645160e-01 4.242475e-01 4.767132e-01 3.705564e-01 3.650743e-01 3.117953e-01 2.303451e-01 5.076692e-02 1.173141e-01 -3.297862e-02 -5.791855e-03 1.878280e-01 2.342176e-01 2.387986e-01 2.350232e-01 -2.308180e-02 -2.235132e-01 
4.001413e-01 2.455456e-01 7.512672e-02 3.485897e-02 1.736615e-02 2.109301e-02 -1.849689e-01 -8.977069e-02 -1.141163e-01 -1.067263e-01 6.266203e-02 -1.359123e-02 -2.661595e-02 7.775307e-02 1.348687e-01 5.917445e-02 -1.067692e-02 -2.450762e-01 -1.938689e-01 -1.200302e-01 
covars
7.274043e-02 4.290053e-02 9.880054e-03 1.928692e-03 -1.127554e-02 -3.984422e-04 4.800117e-03 1.025493e-02 6.804662e-03 1.049860e-02 2.743534e-02 2.594969e-02 2.080389e-02 1.558913e-02 6.633026e-03 4.817784e-03 -2.862000e-04 -4.797395e-03 -3.725271e-03 -5.363419e-04 
4.290053e-02 7.647175e-02 1.250577e-02 1.061883e-02 1.678970e-02 -1.860863e-03 2.121051e-02 8.841286e-03 1.178027e-02 8.487190e-03 3.021784e-02 1.714426e-02 1.483468e-02 2.575087e-02 2.699009e-02 1.431524e-02 9.373285e-03 5.483999e-03 2.344278e-03 7.789746e-03 
9.880054e-03 1.250577e-02 5.875909e-02 1.748591e-02 7.710735e-03 8.826568e-03 -2.621770e-03 1.266132e-03 -9.877883e-04 -3.593904e-03 6.861443e-03 1.387472e-03 -6.723070e-03 -1.509367e-02 -3.916570e-03 2.565456e-03 8.617172e-03 1.343254e-02 2.442729e-03 5.196453e-03 
1.928692e-03 1.061883e-02 1.748591e-02 3.496130e-02 2.093667e-02 2.092095e-02 1.428832e-02 4.477537e-03 4.180492e-03 1.073312e-02 1.157278e-04 -1.909370e-03 -2.666890e-03 2.223543e-04 6.187846e-03 6.716650e-03 9.330451e-03 1.437564e-02 1.934430e-03 -3.205146e-03 
-1.127554e-02 1.678970e-02 7.710735e-03 2.093667e-02 8.265175e-02 4.165776e-02 4.173872e-02 -1.070134e-02 1.018165e-02 8.957243e-03 -3.729859e-02 -2.933190e-02 -4.318136e-02 -1.521294e-02 2.654386e-02 2.954935e-02 4.104278e-02 3.984128e-02 -3.925395e-03 -3.602299e-02 
-3.984422e-04 -1.860863e-03 8.826568e-03 2.092095e-02 4.165776e-02 6.949335e-02 3.687718e-02 2.990347e-03 1.101003e-02 1.511766e-02 -2.915264e-02 -1.456576e-02 -2.566856e-02 -2.194077e-02 1.212035e-02 1.750712e-02 2.989335e-02 3.127188e-02 -5.153728e-03 -3.402464e-02 
4.800117e-03 2.121051e-02 -2.621770e-03 1.428832e-02 4.173872e-02 3.687718e-02 6.375329e-02 1.557263e-02 2.114744e-02 1.752684e-02 -1.310794e-02 -1.163421e-02 -1.646251e-02 1.775103e-03 2.335413e-02 2.215265e-02 2.701470e-02 2.845740e-02 -2.462028e-03 -2.840293e-02 
1.025493e-02 8.841286e-03 1.266132e-03 4.477537e-03 -1.070134e-02 2.990347e-03 1.557263e-02 5.651982e-02 1.910214e-02 1.108213e-02 2.522692e-02 9.642578e-03 1.930245e-02 1.245776e-02 8.041863e-03 -2.730347e-03 -7.796704e-03 -3.276462e-03 3.016133e-03 2.808313e-04 
6.804662e-03 1.178027e-02 -9.877883e-04 4.180492e-03 1.018165e-02 1.101003e-02 2.114744e-02 1.910214e-02 3.084081e-02 2.028668e-02 5.697182e-03 3.581885e-03 8.512440e-03 1.604107e-02 1.433890e-02 3.803931e-03 3.691569e-03 5.962919e-03 3.570334e-03 -3.001524e-03 
1.049860e-02 8.487190e-03 -3.593904e-03 1.073312e-02 8.957243e-03 1.511766e-02 1.752684e-02 1.108213e-02 2.028668e-02 5.259283e-02 1.831338e-02 3.352450e-03 1.675276e-02 1.765051e-02 1.974343e-02 7.382080e-03 8.024235e-03 3.722705e-03 1.653728e-03 -9.894367e-03 
2.743534e-02 3.021784e-02 6.861443e-03 1.157278e-04 -3.729859e-02 -2.915264e-02 -1.310794e-02 2.522692e-02 5.697182e-03 1.831338e-02 1.085130e-01 4.136913e-02 4.222455e-02 2.710970e-02 9.464191e-04 -3.594219e-03 -1.839506e-02 -2.973848e-02 1.660320e-02 2.900631e-02 
2.594969e-02 1.714426e-02 1.387472e-03 -1.909370e-03 -2.933190e-02 -1.456576e-02 -1.163421e-02 9.642578e-03 3.581885e-03 3.352450e-03 4.136913e-02 3.987843e-02 3.091536e-02 1.186560e-02 -9.101341e-03 -8.966723e-03 -1.765432e-02 -1.764093e-02 7.470585e-03 2.468323e-02 
2.080389e-02 1.483468e-02 -6.723070e-03 -2.666890e-03 -4.318136e-02 -2.566856e-02 -1.646251e-02 1.930245e-02 8.512440e-03 1.675276e-02 4.222455e-02 3.091536e-02 6.270163e-02 3.996483e-02 -3.508108e-03 -2.144642e-02 -3.405217e-02 -2.624638e-02 1.165214e-02 3.859426e-02 
1.558913e-02 2.575087e-02 -1.509367e-02 2.223543e-04 -1.521294e-02 -2.194077e-02 1.775103e-03 1.245776e-02 1.604107e-02 1.765051e-02 2.710970e-02 1.186560e-02 3.996483e-02 6.374432e-02 1.907664e-02 -1.113400e-02 -2.188471e-02 -1.236656e-02 7.906445e-03 2.779421e-02 
6.633026e-03 2.699009e-02 -3.916570e-03 6.187846e-03 2.654386e-02 1.212035e-02 2.335413e-02 8.041863e-03 1.433890e-02 1.974343e-02 9.464191e-04 -9.101341e-03 -3.508108e-03 1.907664e-02 5.107405e-02 2.326074e-02 2.406364e-02 2.189207e-02 -2.772066e-03 -2.009489e-02 
4.817784e-03 1.431524e-02 2.565456e-03 6.716650e-03 2.954935e-02 1.750712e-02 2.215265e-02 -2.730347e-03 3.803931e-03 7.382080e-03 -3.594219e-03 -8.966723e-03 -2.144642e-02 -1.113400e-02 2.326074e-02 2.805941e-02 3.176837e-02 2.357148e-02 -3.494928e-03 -2.675977e-02 
-2.862000e-04 9.373285e-03 8.617172e-03 9.330451e-03 4.104278e-02 2.989335e-02 2.701470e-02 -7.796704e-03 3.691569e-03 8.024235e-03 -1.839506e-02 -1.765432e-02 -3.405217e-02 -2.188471e-02 2.406364e-02 3.176837e-02 4.368721e-02 3.659404e-02 -5.559491e-03 -3.611771e-02 
-4.797395e-03 5.483999e-03 1.343254e-02 1.437564e-02 3.984128e-02 3.127188e-02 2.845740e-02 -3.276462e-03 5.962919e-03 3.722705e-03 -2.973848e-02 -1.764093e-02 -2.624638e-02 -1.236656e-02 2.189207e-02 2.357148e-02 3.659404e-02 6.233413e-02 3.192008e-03 -2.576473e-02 
-3.725271e-03 2.344278e-03 2.442729e-03 1.934430e-03 -3.925395e-03 -5.153728e-03 -2.462028e-03 3.016133e-03 3.570334e-03 1.653728e-03 1.660320e-02 7.470585e-03 1.165214e-02 7.906445e-03 -2.772066e-03 -3.494928e-03 -5.559491e-03 3.192008e-03 1.829514e-02 1.586904e-02 
-5.363419e-04 7.789746e-03 5.196453e-03 -3.205146e-03 -3.602299e-02 -3.402464e-02 -2.840293e-02 2.808313e-04 -3.001524e-03 -9.894367e-03 2.900631e-02 2.468323e-02 3.859426e-02 2.779421e-02 -2.009489e-02 -2.675977e-02 -3.611771e-02 -2.576473e-02 1.586904e-02 6.701026e-02 
invCovars
3.694825e+01 -2.017807e+01 -7.894987e+00 6.401492e+00 7.042760e+00 -6.398250e+00 5.980607e+00 -2.561475e+00 3.247561e+00 -3.981118e+00 5.462014e+00 -1.932067e+01 -3.266159e+00 -1.485186e+01 1.649027e+01 -1.694521e+01 8.219452e-01 -5.800166e-01 8.942693e+00 1.527459e+01 
-2.017807e+01 4.665713e+01 -5.788213e+00 -2.269202e+00 -1.794862e+01 7.759732e+00 -1.351462e+01 2.651844e+00 2.108507e+00 1.310186e+01 -6.212016e+00 -7.585798e+00 -1.036000e+01 -4.061682e+00 -1.702136e+01 2.912840e+00 -1.363345e+01 6.600408e+00 5.157331e+00 -1.150231e+01 
-7.894987e+00 -5.788213e+00 3.286502e+01 -1.613671e+01 1.699949e+00 1.985955e+00 5.421005e+00 2.494601e-01 -9.009665e+00 2.614875e+00 -8.185793e+00 1.195535e+01 2.538314e+00 1.744169e+01 -3.740021e+00 2.761253e+01 -1.501910e+01 -7.931968e+00 3.245910e+00 -1.007438e+01 
6.401492e+00 -2.269202e+00 -1.613671e+01 5.406373e+01 -1.217517e+01 -1.434683e+01 7.392473e-01 -6.016903e+00 1.416972e+01 -9.910115e+00 1.172694e+00 -5.458342e+00 -2.698613e+00 -1.146571e+01 1.006232e+01 -2.495546e+01 1.866113e+01 -5.246662e+00 3.620719e+00 -2.119343e+00 
7.042760e+00 -1.794862e+01 1.699949e+00 -1.217517e+01 4.916184e+01 -6.928307e+00 -4.324192e+00 5.679785e+00 -8.300453e+00 -7.039583e+00 7.246255e+00 1.087803e+01 2.190040e+01 -2.871859e-01 1.257589e-01 -1.514745e+01 5.709655e+00 -6.773344e-01 -1.284621e+01 1.281123e+00 
-6.398250e+00 7.759732e+00 1.985955e+00 -1.434683e+01 -6.928307e+00 3.919423e+01 -1.388493e+01 -5.613136e-03 -2.620519e+00 -2.613242e+00 2.904375e+00 -6.320625e+00 -2.276146e+00 1.178504e+01 -7.337073e+00 3.660070e+01 -2.767174e+01 9.094586e-01 -2.382064e+00 3.903239e+00 
5.980607e+00 -1.351462e+01 5.421005e+00 7.392473e-01 -4.324192e+00 -1.388493e+01 4.703259e+01 -1.138827e+01 -1.250459e+01 -3.473449e+00 3.366215e+00 2.214747e+00 4.495240e+00 -1.136422e+01 1.689193e+01 -3.034955e+01 8.554414e+00 -6.162571e+00 2.211284e+00 5.284208e+00 
-2.561475e+00 2.651844e+00 2.494601e-01 -6.016903e+00 5.679785e+00 -5.613136e-03 -1.138827e+01 3.604705e+01 -2.207017e+01 8.778113e+00 -1.186143e+01 1.052619e+01 -1.058726e+01 1.443341e+01 -1.155051e+01 3.179105e+00 2.103690e+01 -6.417917e+00 6.691393e+00 4.204321e+00 
3.247561e+00 2.108507e+00 -9.009665e+00 1.416972e+01 -8.300453e+00 -2.620519e+00 -1.250459e+01 -2.207017e+01 7.957381e+01 -2.023096e+01 1.232192e+01 -2.417343e+01 7.841719e+00 -2.240788e+01 -1.466295e+00 1.227710e+01 -1.762790e+01 9.142074e+00 -1.699179e+01 1.583136e+00 
-3.981118e+00 1.310186e+01 2.614875e+00 -9.910115e+00 -7.039583e+00 -2.613242e+00 -3.473449e+00 8.778113e+00 -2.023096e+01 4.836501e+01 -1.183913e+01 6.044783e+00 -2.935109e+01 -2.113319e+00 -7.592743e+00 2.327041e+01 -3.446868e+01 7.523165e+00 6.126610e+00 7.941898e+00 
5.462014e+00 -6.212016e+00 -8.185793e+00 1.172694e+00 7.246255e+00 2.904375e+00 3.366215e+00 -1.186143e+01 1.232192e+01 -1.183913e+01 3.227036e+01 -2.212606e+01 6.415716e+00 -1.258290e+01 6.464277e+00 -2.683049e+01 -1.736782e+00 1.506618e+01 -2.380839e+01 4.531516e+00 
-1.932067e+01 -7.585798e+00 1.195535e+01 -5.458342e+00 1.087803e+01 -6.320625e+00 2.214747e+00 1.052619e+01 -2.417343e+01 6.044783e+00 -2.212606e+01 9.059406e+01 -2.031040e+01 3.006200e+01 2.800610e+00 -2.379472e+01 3.342205e+01 -1.134204e+01 6.077210e+00 -1.813052e+01 
-3.266159e+00 -1.036000e+01 2.538314e+00 -2.698613e+00 2.190040e+01 -2.276146e+00 4.495240e+00 -1.058726e+01 7.841719e+00 -2.935109e+01 6.415716e+00 -2.031040e+01 8.692950e+01 -1.529366e+01 -7.062712e+00 -1.431495e+00 3.485435e+01 -3.529189e+00 -1.938992e+01 -1.025088e+01 
-1.485186e+01 -4.061682e+00 1.744169e+01 -1.146571e+01 -2.871859e-01 1.178504e+01 -1.136422e+01 1.443341e+01 -2.240788e+01 -2.113319e+00 -1.258290e+01 3.006200e+01 -1.529366e+01 7.636532e+01 -3.925425e+01 1.941610e+01 4.173570e+01 -1.423298e+01 5.278901e+00 -1.864943e+01 
1.649027e+01 -1.702136e+01 -3.740021e+00 1.006232e+01 1.257589e-01 -7.337073e+00 1.689193e+01 -1.155051e+01 -1.466295e+00 -7.592743e+00 6.464277e+00 2.800610e+00 -7.062712e+00 -3.925425e+01 7.826016e+01 -6.546302e+01 -5.070923e+00 -5.236667e+00 1.109863e+01 1.171693e+01 
-1.694521e+01 2.912840e+00 2.761253e+01 -2.495546e+01 -1.514745e+01 3.660070e+01 -3.034955e+01 3.179105e+00 1.227710e+01 2.327041e+01 -2.683049e+01 -2.379472e+01 -1.431495e+00 1.941610e+01 -6.546302e+01 4.186907e+02 -2.890479e+02 2.718137e+01 -1.790104e+01 1.735585e+01 
8.219452e-01 -1.363345e+01 -1.501910e+01 1.866113e+01 5.709655e+00 -2.767174e+01 8.554414e+00 2.103690e+01 -1.762790e+01 -3.446868e+01 -1.736782e+00 3.342205e+01 3.485435e+01 4.173570e+01 -5.070923e+00 -2.890479e+02 3.750839e+02 -6.949419e+01 2.206538e+01 -5.346182e+00 
-5.800166e-01 6.600408e+00 -7.931968e+00 -5.246662e+00 -6.773344e-01 9.094586e-01 -6.162571e+00 -6.417917e+00 9.142074e+00 7.523165e+00 1.506618e+01 -1.134204e+01 -3.529189e+00 -1.423298e+01 -5.236667e+00 2.718137e+01 -6.949419e+01 5.528004e+01 -3.289595e+01 5.089917e+00 
8.942693e+00 5.157331e+00 3.245910e+00 3.620719e+00 -1.284621e+01 -2.382064e+00 2.211284e+00 6.691393e+00 -1.699179e+01 6.126610e+00 -2.380839e+01 6.077210e+00 -1.938992e+01 5.278901e+00 1.109863e+01 -1.790104e+01 2.206538e+01 -3.289595e+01 1.123451e+02 -2.180431e+01 
1.527459e+01 -1.150231e+01 -1.007438e+01 -2.119343e+00 1.281123e+00 3.903239e+00 5.284208e+00 4.204321e+00 1.583136e+00 7.941898e+00 4.531516e+00 -1.813052e+01 -1.025088e+01 -1.864943e+01 1.171693e+01 1.735585e+01 -5.346182e+00 5.089917e+00 -2.180431e+01 5.623832e+01 
detCovars
1.012963e-32 
dha dhe dhin ge ke na te tin tun 