priors
1.502305e-01 1.212877e-02 2.482430e-02 8.335223e-02 1.407088e-01 1.330764e-01 4.320638e-01 1.511373e-04 2.346407e-02 
means
-1.267429e-02 1.332293e-01 -1.300175e-01 3.945343e-02 5.498682e-02 -1.753108e-02 1.485813e-01 8.820822e-02 1.134324e-01 1.060424e-01 -2.054255e-02 -5.557648e-02 1.746515e-01 2.256085e-01 8.382575e-02 -9.070618e-03 -4.199050e-02 -1.879984e-03 6.622493e-02 4.476667e-02 
-3.922010e-01 3.736602e-01 1.006551e-01 2.800832e-01 3.699460e-01 2.693336e-01 1.651034e-01 -4.404289e-03 1.485336e-02 9.579646e-02 4.732673e-02 2.231437e-02 -7.375287e-02 -1.575867e-01 8.553163e-02 6.904257e-02 1.459797e-01 1.485074e-01 2.652690e-02 -5.438089e-03 
2.213846e-01 3.921990e-01 8.163744e-02 1.924121e-01 5.934952e-02 8.931040e-02 8.418267e-02 -2.574122e-02 -9.718366e-02 6.957897e-02 1.950686e-01 6.693859e-02 -1.103025e-01 -7.022218e-02 9.240624e-02 1.715147e-01 1.647662e-01 -1.098076e-01 -1.224035e-01 -2.728223e-02 
4.507066e-01 3.821742e-01 3.297493e-02 1.097389e-01 8.997874e-02 3.481588e-02 2.073316e-01 -2.085338e-03 1.989070e-03 7.325748e-02 2.126065e-01 1.713114e-01 1.902274e-02 -2.165781e-02 1.206370e-01 1.555049e-01 1.371136e-01 1.005822e-01 6.718468e-04 -1.462330e-01 
-1.283843e-01 -4.340843e-02 -5.102318e-02 -6.260720e-02 2.507579e-02 -4.929520e-03 -7.645216e-03 7.214370e-02 4.430062e-02 -5.023521e-02 2.698928e-01 6.754444e-02 -1.283218e-01 -1.399360e-01 -4.498700e-03 1.014412e-01 8.602558e-02 -1.713269e-02 9.112006e-02 -7.456135e-02 
-2.154590e-01 -1.260048e-01 -2.218858e-01 -4.400881e-02 -4.629115e-02 -5.377108e-02 1.559116e-02 2.411971e-02 5.084273e-02 1.137852e-01 -3.485975e-02 -8.445797e-02 4.710501e-02 2.663252e-01 2.318516e-01 -4.146633e-02 -7.452446e-02 -5.055971e-02 -5.114808e-02 -1.411394e-02 
2.154549e-03 -1.138853e-01 1.120904e-01 -2.174068e-02 -4.481592e-02 3.760681e-03 -9.331636e-02 -5.467195e-02 -5.831686e-02 -7.074613e-02 -1.278569e-01 -1.393215e-02 -2.771417e-02 -1.066550e-01 -1.376037e-01 -6.245525e-02 -3.020015e-02 1.749815e-02 -2.045196e-02 4.875776e-02 
3.644669e-01 3.449410e-01 -1.207642e-01 3.645786e-01 4.178764e-01 4.631060e-01 3.634254e-01 3.635890e-01 3.055420e-01 2.269791e-01 6.194470e-02 1.267404e-01 -2.387970e-02 -2.637864e-03 1.802440e-01 2.280365e-01 2.300311e-01 2.227783e-01 -1.954087e-02 -2.112532e-01 
3.984476e-01 2.510872e-01 7.807175e-02 3.224208e-02 8.998028e-03 1.715003e-02 -1.888268e-01 -9.288760e-02 -1.203316e-01 -1.051467e-01 7.859377e-02 -5.394398e-03 -1.813462e-02 8.086045e-02 1.374648e-01 6.395154e-02 -6.593728e-03 -2.400093e-01 -1.902250e-01 -1.047610e-01 
covars
7.440156e-02 4.353980e-02 9.751040e-03 2.082975e-03 -1.170040e-02 -1.050730e-03 4.108535e-03 1.107402e-02 6.553612e-03 8.484084e-03 2.848699e-02 2.710227e-02 2.109950e-02 1.516015e-02 5.984293e-03 4.877841e-03 -8.243182e-04 -5.275833e-03 -3.675826e-03 -2.176880e-04 
4.353980e-02 7.557668e-02 1.323849e-02 1.075515e-02 1.594165e-02 -2.402555e-03 1.971934e-02 8.841238e-03 1.074223e-02 6.737913e-03 3.048556e-02 1.777034e-02 1.511194e-02 2.507769e-02 2.531660e-02 1.352324e-02 8.269088e-03 4.495471e-03 2.469418e-03 9.057949e-03 
9.751040e-03 1.323849e-02 5.937066e-02 1.754326e-02 7.312374e-03 7.534797e-03 -3.521247e-03 2.838385e-04 -1.303274e-03 -3.525291e-03 7.271488e-03 1.869278e-03 -5.768112e-03 -1.395278e-02 -4.294665e-03 1.585398e-03 7.367556e-03 1.211347e-02 3.039494e-03 7.505733e-03 
2.082975e-03 1.075515e-02 1.754326e-02 3.511328e-02 2.099603e-02 2.063809e-02 1.481209e-02 4.835850e-03 4.251403e-03 1.127189e-02 2.711325e-04 -2.086458e-03 -2.304448e-03 7.035775e-04 6.452002e-03 6.664111e-03 9.288730e-03 1.395217e-02 2.190270e-03 -3.514251e-03 
-1.170040e-02 1.594165e-02 7.312374e-03 2.099603e-02 8.607604e-02 4.281866e-02 4.496410e-02 -9.865575e-03 1.149757e-02 1.084361e-02 -3.955390e-02 -3.183946e-02 -4.472628e-02 -1.511798e-02 2.869178e-02 3.096765e-02 4.332942e-02 4.126733e-02 -4.433799e-03 -3.989621e-02 
-1.050730e-03 -2.402555e-03 7.534797e-03 2.063809e-02 4.281866e-02 6.927435e-02 3.920242e-02 3.854899e-03 1.246116e-02 1.640094e-02 -3.030856e-02 -1.551069e-02 -2.662011e-02 -2.112279e-02 1.440583e-02 1.866738e-02 3.166276e-02 3.210303e-02 -5.685610e-03 -3.679732e-02 
4.108535e-03 1.971934e-02 -3.521247e-03 1.481209e-02 4.496410e-02 3.920242e-02 6.792678e-02 1.671454e-02 2.281790e-02 2.006309e-02 -1.541047e-02 -1.399411e-02 -1.824696e-02 1.476457e-03 2.604244e-02 2.402168e-02 2.986984e-02 3.021453e-02 -3.227713e-03 -3.329130e-02 
1.107402e-02 8.841238e-03 2.838385e-04 4.835850e-03 -9.865575e-03 3.854899e-03 1.671454e-02 5.688434e-02 1.924506e-02 1.125075e-02 2.540424e-02 9.153156e-03 1.896398e-02 1.224752e-02 8.202356e-03 -2.055377e-03 -7.234000e-03 -2.762893e-03 2.809258e-03 -1.550949e-03 
6.553612e-03 1.074223e-02 -1.303274e-03 4.251403e-03 1.149757e-02 1.246116e-02 2.281790e-02 1.924506e-02 3.140013e-02 2.110255e-02 4.363718e-03 2.814138e-03 7.315872e-03 1.556481e-02 1.550991e-02 4.518182e-03 4.926554e-03 7.106791e-03 3.148991e-03 -5.215974e-03 
8.484084e-03 6.737913e-03 -3.525291e-03 1.127189e-02 1.084361e-02 1.640094e-02 2.006309e-02 1.125075e-02 2.110255e-02 5.459187e-02 1.654573e-02 1.261047e-03 1.583144e-02 1.772273e-02 2.117865e-02 7.956813e-03 9.308525e-03 5.001816e-03 1.652943e-03 -1.225257e-02 
2.848699e-02 3.048556e-02 7.271488e-03 2.711325e-04 -3.955390e-02 -3.030856e-02 -1.541047e-02 2.540424e-02 4.363718e-03 1.654573e-02 1.114569e-01 4.305019e-02 4.441688e-02 2.711394e-02 -1.255841e-03 -4.917354e-03 -2.077425e-02 -3.108248e-02 1.708070e-02 3.192296e-02 
2.710227e-02 1.777034e-02 1.869278e-03 -2.086458e-03 -3.183946e-02 -1.551069e-02 -1.399411e-02 9.153156e-03 2.814138e-03 1.261047e-03 4.305019e-02 4.243223e-02 3.215599e-02 1.173953e-02 -1.061888e-02 -1.006077e-02 -1.933784e-02 -1.904405e-02 7.564427e-03 2.768402e-02 
2.109950e-02 1.511194e-02 -5.768112e-03 -2.304448e-03 -4.472628e-02 -2.662011e-02 -1.824696e-02 1.896398e-02 7.315872e-03 1.583144e-02 4.441688e-02 3.215599e-02 6.419512e-02 3.982487e-02 -5.267312e-03 -2.252878e-02 -3.586817e-02 -2.729614e-02 1.227515e-02 4.100498e-02 
1.516015e-02 2.507769e-02 -1.395278e-02 7.035775e-04 -1.511798e-02 -2.112279e-02 1.476457e-03 1.224752e-02 1.556481e-02 1.772273e-02 2.711394e-02 1.173953e-02 3.982487e-02 6.286739e-02 1.845224e-02 -1.142894e-02 -2.208326e-02 -1.188224e-02 8.263004e-03 2.807301e-02 
5.984293e-03 2.531660e-02 -4.294665e-03 6.452002e-03 2.869178e-02 1.440583e-02 2.604244e-02 8.202356e-03 1.550991e-02 2.117865e-02 -1.255841e-03 -1.061888e-02 -5.267312e-03 1.845224e-02 5.290712e-02 2.469656e-02 2.641398e-02 2.352178e-02 -3.305822e-03 -2.347310e-02 
4.877841e-03 1.352324e-02 1.585398e-03 6.664111e-03 3.096765e-02 1.866738e-02 2.402168e-02 -2.055377e-03 4.518182e-03 7.956813e-03 -4.917354e-03 -1.006077e-02 -2.252878e-02 -1.142894e-02 2.469656e-02 2.929935e-02 3.351630e-02 2.438037e-02 -4.211839e-03 -2.962279e-02 
-8.243182e-04 8.269088e-03 7.367556e-03 9.288730e-03 4.332942e-02 3.166276e-02 2.986984e-02 -7.234000e-03 4.926554e-03 9.308525e-03 -2.077425e-02 -1.933784e-02 -3.586817e-02 -2.208326e-02 2.641398e-02 3.351630e-02 4.634308e-02 3.791689e-02 -6.491417e-03 -4.002963e-02 
-5.275833e-03 4.495471e-03 1.211347e-02 1.395217e-02 4.126733e-02 3.210303e-02 3.021453e-02 -2.762893e-03 7.106791e-03 5.001816e-03 -3.108248e-02 -1.904405e-02 -2.729614e-02 -1.188224e-02 2.352178e-02 2.438037e-02 3.791689e-02 6.190792e-02 2.699687e-03 -2.860665e-02 
-3.675826e-03 2.469418e-03 3.039494e-03 2.190270e-03 -4.433799e-03 -5.685610e-03 -3.227713e-03 2.809258e-03 3.148991e-03 1.652943e-03 1.708070e-02 7.564427e-03 1.227515e-02 8.263004e-03 -3.305822e-03 -4.211839e-03 -6.491417e-03 2.699687e-03 1.877976e-02 1.695086e-02 
-2.176880e-04 9.057949e-03 7.505733e-03 -3.514251e-03 -3.989621e-02 -3.679732e-02 -3.329130e-02 -1.550949e-03 -5.215974e-03 -1.225257e-02 3.192296e-02 2.768402e-02 4.100498e-02 2.807301e-02 -2.347310e-02 -2.962279e-02 -4.002963e-02 -2.860665e-02 1.695086e-02 7.421014e-02 
invCovars
3.613223e+01 -2.007341e+01 -7.650229e+00 6.190313e+00 6.330844e+00 -5.963932e+00 5.957662e+00 -2.668758e+00 2.623003e+00 -3.420023e+00 5.164660e+00 -1.858701e+01 -3.545089e+00 -1.399156e+01 1.618549e+01 -1.824117e+01 2.732679e+00 -8.390321e-01 8.452443e+00 1.532788e+01 
-2.007341e+01 4.641102e+01 -5.908597e+00 -2.424866e+00 -1.751128e+01 7.418895e+00 -1.267534e+01 2.105692e+00 2.931840e+00 1.280947e+01 -5.864267e+00 -7.202379e+00 -9.476791e+00 -4.820531e+00 -1.591146e+01 1.691665e+00 -1.247652e+01 6.530232e+00 4.598293e+00 -1.164896e+01 
-7.650229e+00 -5.908597e+00 3.241360e+01 -1.616405e+01 1.638982e+00 2.374276e+00 4.813313e+00 8.029202e-01 -8.721118e+00 1.816510e+00 -7.875437e+00 1.181663e+01 2.633680e+00 1.759639e+01 -4.425622e+00 2.907092e+01 -1.548856e+01 -7.631274e+00 2.728158e+00 -1.027085e+01 
6.190313e+00 -2.424866e+00 -1.616405e+01 5.383001e+01 -1.156733e+01 -1.462750e+01 5.908110e-01 -6.460946e+00 1.492323e+01 -9.924974e+00 1.708128e+00 -6.036907e+00 -2.429620e+00 -1.177431e+01 1.000297e+01 -2.491256e+01 1.803279e+01 -4.575192e+00 2.147775e+00 -1.427212e+00 
6.330844e+00 -1.751128e+01 1.638982e+00 -1.156733e+01 4.706104e+01 -6.468963e+00 -4.489145e+00 5.882192e+00 -8.708788e+00 -6.376297e+00 6.232088e+00 1.235157e+01 1.980744e+01 5.451484e-01 6.666009e-01 -1.611779e+01 7.165259e+00 -1.348416e+00 -1.171743e+01 1.338753e+00 
-5.963932e+00 7.418895e+00 2.374276e+00 -1.462750e+01 -6.468963e+00 3.997831e+01 -1.337785e+01 -2.568336e-01 -3.043804e+00 -2.271215e+00 2.760826e+00 -7.022121e+00 -1.707993e+00 1.150269e+01 -7.142567e+00 3.714135e+01 -2.852205e+01 3.768022e-01 -1.502175e+00 3.588326e+00 
5.957662e+00 -1.267534e+01 4.813313e+00 5.908110e-01 -4.489145e+00 -1.337785e+01 4.542629e+01 -1.094052e+01 -1.240375e+01 -4.195049e+00 3.559976e+00 2.027129e+00 4.007831e+00 -1.083113e+01 1.560995e+01 -2.854774e+01 7.213697e+00 -5.270183e+00 1.718540e+00 5.248613e+00 
-2.668758e+00 2.105692e+00 8.029202e-01 -6.460946e+00 5.882192e+00 -2.568336e-01 -1.094052e+01 3.611471e+01 -2.235085e+01 9.105877e+00 -1.192929e+01 1.133134e+01 -1.073303e+01 1.415347e+01 -1.050215e+01 2.215426e+00 2.111742e+01 -6.632371e+00 6.704397e+00 4.508437e+00 
2.623003e+00 2.931840e+00 -8.721118e+00 1.492323e+01 -8.708788e+00 -3.043804e+00 -1.240375e+01 -2.235085e+01 7.996884e+01 -1.977738e+01 1.197262e+01 -2.553513e+01 8.632243e+00 -2.227283e+01 -2.525165e+00 1.272412e+01 -1.666350e+01 8.534355e+00 -1.617504e+01 1.679097e+00 
-3.420023e+00 1.280947e+01 1.816510e+00 -9.924974e+00 -6.376297e+00 -2.271215e+00 -4.195049e+00 9.105877e+00 -1.977738e+01 4.715699e+01 -1.128630e+01 6.859887e+00 -2.849774e+01 -2.299646e+00 -7.940332e+00 2.488858e+01 -3.463704e+01 8.217279e+00 4.634985e+00 7.683851e+00 
5.164660e+00 -5.864267e+00 -7.875437e+00 1.708128e+00 6.232088e+00 2.760826e+00 3.559976e+00 -1.192929e+01 1.197262e+01 -1.128630e+01 3.118766e+01 -2.096786e+01 5.173403e+00 -1.200374e+01 6.955400e+00 -2.873008e+01 3.888409e-01 1.431672e+01 -2.254400e+01 4.351662e+00 
-1.858701e+01 -7.202379e+00 1.181663e+01 -6.036907e+00 1.235157e+01 -7.022121e+00 2.027129e+00 1.133134e+01 -2.553513e+01 6.859887e+00 -2.096786e+01 8.632295e+01 -1.893411e+01 2.908523e+01 1.096600e+00 -1.916637e+01 2.745626e+01 -1.004718e+01 6.763168e+00 -1.864908e+01 
-3.545089e+00 -9.476791e+00 2.633680e+00 -2.429620e+00 1.980744e+01 -1.707993e+00 4.007831e+00 -1.073303e+01 8.632243e+00 -2.849774e+01 5.173403e+00 -1.893411e+01 8.349462e+01 -1.501558e+01 -5.853250e+00 -3.828389e+00 3.564927e+01 -3.855215e+00 -1.790162e+01 -9.122247e+00 
-1.399156e+01 -4.820531e+00 1.759639e+01 -1.177431e+01 5.451484e-01 1.150269e+01 -1.083113e+01 1.415347e+01 -2.227283e+01 -2.299646e+00 -1.200374e+01 2.908523e+01 -1.501558e+01 7.578818e+01 -3.905629e+01 2.106218e+01 3.908352e+01 -1.439106e+01 5.324946e+00 -1.798923e+01 
1.618549e+01 -1.591146e+01 -4.425622e+00 1.000297e+01 6.666009e-01 -7.142567e+00 1.560995e+01 -1.050215e+01 -2.525165e+00 -7.940332e+00 6.955400e+00 1.096600e+00 -5.853250e+00 -3.905629e+01 7.627338e+01 -6.364124e+01 -6.202720e+00 -4.506904e+00 1.020922e+01 1.093685e+01 
-1.824117e+01 1.691665e+00 2.907092e+01 -2.491256e+01 -1.611779e+01 3.714135e+01 -2.854774e+01 2.215426e+00 1.272412e+01 2.488858e+01 -2.873008e+01 -1.916637e+01 -3.828389e+00 2.106218e+01 -6.364124e+01 4.155899e+02 -2.852494e+02 2.608425e+01 -1.626264e+01 1.693750e+01 
2.732679e+00 -1.247652e+01 -1.548856e+01 1.803279e+01 7.165259e+00 -2.852205e+01 7.213697e+00 2.111742e+01 -1.666350e+01 -3.463704e+01 3.888409e-01 2.745626e+01 3.564927e+01 3.908352e+01 -6.202720e+00 -2.852494e+02 3.656356e+02 -6.825665e+01 2.292431e+01 -4.591675e+00 
-8.390321e-01 6.530232e+00 -7.631274e+00 -4.575192e+00 -1.348416e+00 3.768022e-01 -5.270183e+00 -6.632371e+00 8.534355e+00 8.217279e+00 1.431672e+01 -1.004718e+01 -3.855215e+00 -1.439106e+01 -4.506904e+00 2.608425e+01 -6.825665e+01 5.618038e+01 -3.294145e+01 5.184197e+00 
8.452443e+00 4.598293e+00 2.728158e+00 2.147775e+00 -1.171743e+01 -1.502175e+00 1.718540e+00 6.704397e+00 -1.617504e+01 4.634985e+00 -2.254400e+01 6.763168e+00 -1.790162e+01 5.324946e+00 1.020922e+01 -1.626264e+01 2.292431e+01 -3.294145e+01 1.084638e+02 -2.053367e+01 
1.532788e+01 -1.164896e+01 -1.027085e+01 -1.427212e+00 1.338753e+00 3.588326e+00 5.248613e+00 4.508437e+00 1.679097e+00 7.683851e+00 4.351662e+00 -1.864908e+01 -9.122247e+00 -1.798923e+01 1.093685e+01 1.693750e+01 -4.591675e+00 5.184197e+00 -2.053367e+01 5.361077e+01 
detCovars
1.485775e-32 
dha dhe dhin ge ke na te tin tun 