priors
1.479564e-01 1.306190e-02 2.412332e-02 8.045030e-02 1.425433e-01 1.273633e-01 4.407704e-01 1.176747e-04 2.361340e-02 
means
-3.796263e-03 1.485264e-01 -1.377573e-01 3.321048e-02 4.524754e-02 -2.207168e-02 1.427906e-01 8.280204e-02 1.183630e-01 9.643309e-02 -2.305228e-02 -4.255955e-02 1.807177e-01 2.325754e-01 8.552417e-02 -1.145977e-02 -4.648808e-02 -7.827847e-03 6.601492e-02 6.248702e-02 
-3.925374e-01 3.731584e-01 9.815367e-02 2.794459e-01 3.698956e-01 2.791654e-01 1.725808e-01 -2.092170e-04 1.407402e-02 9.542402e-02 4.457292e-02 1.812840e-02 -8.080762e-02 -1.628378e-01 9.218592e-02 7.859528e-02 1.547691e-01 1.574393e-01 2.004979e-02 -2.092759e-02 
2.116714e-01 4.012566e-01 7.384895e-02 1.891119e-01 6.382516e-02 8.109660e-02 8.077084e-02 -1.560057e-02 -8.957802e-02 6.372578e-02 1.844253e-01 6.462500e-02 -1.042842e-01 -6.492520e-02 9.549174e-02 1.631415e-01 1.514657e-01 -1.023583e-01 -1.034621e-01 -1.410425e-02 
4.380483e-01 3.905425e-01 3.468541e-02 1.047097e-01 8.587874e-02 2.577810e-02 2.059880e-01 -1.808445e-02 -1.064516e-02 8.617107e-02 2.350507e-01 1.771877e-01 2.612170e-02 -2.476635e-02 1.147021e-01 1.531731e-01 1.335296e-01 9.686449e-02 4.770524e-03 -1.334149e-01 
-1.370676e-01 -4.321344e-02 -4.599118e-02 -6.004356e-02 3.690914e-02 -3.132736e-03 -3.118778e-03 7.138756e-02 4.154034e-02 -4.419879e-02 2.647437e-01 5.619001e-02 -1.368642e-01 -1.417868e-01 7.299358e-04 1.066173e-01 9.299559e-02 -1.596727e-02 9.130954e-02 -8.015960e-02 
-2.042024e-01 -1.140543e-01 -2.333263e-01 -4.792881e-02 -5.618604e-02 -7.888238e-02 4.999623e-03 3.241881e-02 4.973623e-02 1.059498e-01 -1.779975e-02 -7.716538e-02 6.392454e-02 2.906831e-01 2.300493e-01 -5.401448e-02 -9.735460e-02 -7.266346e-02 -5.376676e-02 -1.069763e-03 
2.580979e-03 -1.209386e-01 1.107530e-01 -1.793314e-02 -4.216249e-02 1.259500e-02 -8.557634e-02 -5.188169e-02 -5.541052e-02 -6.508492e-02 -1.304907e-01 -1.743559e-02 -3.028563e-02 -1.076179e-01 -1.313150e-01 -5.714266e-02 -2.272860e-02 2.549199e-02 -2.155190e-02 3.730496e-02 
3.192341e-01 4.634049e-01 1.783295e-02 4.552295e-01 4.538817e-01 4.808731e-01 3.636849e-01 3.649240e-01 3.017342e-01 2.620508e-01 8.565927e-02 1.558689e-01 3.506229e-03 3.156934e-02 2.228839e-01 2.750051e-01 2.478928e-01 3.174393e-01 3.715208e-02 -6.826441e-02 
4.113091e-01 2.536377e-01 8.394625e-02 4.083617e-02 1.908272e-02 2.008278e-02 -1.870446e-01 -8.033312e-02 -1.078677e-01 -1.067734e-01 6.376166e-02 -1.136327e-02 -2.340224e-02 8.021310e-02 1.295994e-01 5.280533e-02 -1.724883e-02 -2.525944e-01 -1.943704e-01 -1.173449e-01 
covars
7.242537e-02 4.281144e-02 1.016264e-02 1.688978e-03 -1.186985e-02 -1.423274e-03 3.911128e-03 9.868489e-03 6.373530e-03 1.033258e-02 2.813222e-02 2.629820e-02 2.161227e-02 1.592776e-02 6.072460e-03 4.236852e-03 -1.134114e-03 -5.453148e-03 -3.321690e-03 9.043273e-04 
4.281144e-02 7.625831e-02 1.272235e-02 1.063837e-02 1.615197e-02 -2.583327e-03 2.042362e-02 8.718354e-03 1.153991e-02 8.332911e-03 3.095655e-02 1.751199e-02 1.545540e-02 2.606757e-02 2.659762e-02 1.386954e-02 8.661853e-03 4.865577e-03 2.679390e-03 8.738421e-03 
1.016264e-02 1.272235e-02 5.932465e-02 1.760016e-02 7.582350e-03 8.743166e-03 -2.919950e-03 1.220594e-03 -1.137219e-03 -3.818605e-03 7.176422e-03 1.651187e-03 -6.540875e-03 -1.518840e-02 -4.134342e-03 2.430111e-03 8.408863e-03 1.335563e-02 2.546321e-03 5.607812e-03 
1.688978e-03 1.063837e-02 1.760016e-02 3.488424e-02 2.066292e-02 2.071250e-02 1.412221e-02 4.480867e-03 4.122326e-03 1.071229e-02 2.542072e-04 -1.768748e-03 -2.343909e-03 3.036016e-04 5.861074e-03 6.386765e-03 8.902024e-03 1.418492e-02 2.086881e-03 -2.678970e-03 
-1.186985e-02 1.615197e-02 7.582350e-03 2.066292e-02 8.185404e-02 4.130400e-02 4.132650e-02 -1.077258e-02 1.021448e-02 9.204602e-03 -3.687057e-02 -2.903942e-02 -4.281457e-02 -1.521917e-02 2.605291e-02 2.905397e-02 4.040895e-02 3.930252e-02 -3.717723e-03 -3.535661e-02 
-1.423274e-03 -2.583327e-03 8.743166e-03 2.071250e-02 4.130400e-02 6.963310e-02 3.676922e-02 2.912156e-03 1.107504e-02 1.544908e-02 -2.928896e-02 -1.459936e-02 -2.545802e-02 -2.204831e-02 1.168226e-02 1.700226e-02 2.939574e-02 3.101213e-02 -4.938721e-03 -3.345565e-02 
3.911128e-03 2.042362e-02 -2.919950e-03 1.412221e-02 4.132650e-02 3.676922e-02 6.349492e-02 1.538492e-02 2.118557e-02 1.790296e-02 -1.300595e-02 -1.166718e-02 -1.630072e-02 1.828695e-03 2.312293e-02 2.181766e-02 2.663567e-02 2.819358e-02 -2.246885e-03 -2.802783e-02 
9.868489e-03 8.718354e-03 1.220594e-03 4.480867e-03 -1.077258e-02 2.912156e-03 1.538492e-02 5.595722e-02 1.864979e-02 1.105991e-02 2.522692e-02 9.377415e-03 1.914930e-02 1.251832e-02 8.401327e-03 -2.467386e-03 -7.509907e-03 -3.194217e-03 2.980633e-03 2.189732e-04 
6.373530e-03 1.153991e-02 -1.137219e-03 4.122326e-03 1.021448e-02 1.107504e-02 2.118557e-02 1.864979e-02 3.069421e-02 2.056414e-02 5.677161e-03 3.418763e-03 8.436133e-03 1.607619e-02 1.450924e-02 3.930579e-03 3.864122e-03 5.942399e-03 3.510570e-03 -2.944521e-03 
1.033258e-02 8.332911e-03 -3.818605e-03 1.071229e-02 9.204602e-03 1.544908e-02 1.790296e-02 1.105991e-02 2.056414e-02 5.308814e-02 1.813860e-02 3.297381e-03 1.667932e-02 1.766970e-02 1.987040e-02 7.436716e-03 8.167507e-03 3.841227e-03 1.640329e-03 -1.015361e-02 
2.813222e-02 3.095655e-02 7.176422e-03 2.542072e-04 -3.687057e-02 -2.928896e-02 -1.300595e-02 2.522692e-02 5.677161e-03 1.813860e-02 1.083714e-01 4.129596e-02 4.221796e-02 2.737959e-02 1.231874e-03 -3.454177e-03 -1.825097e-02 -2.948610e-02 1.667707e-02 2.885914e-02 
2.629820e-02 1.751199e-02 1.651187e-03 -1.768748e-03 -2.903942e-02 -1.459936e-02 -1.166718e-02 9.377415e-03 3.418763e-03 3.297381e-03 4.129596e-02 3.981223e-02 3.096229e-02 1.209153e-02 -8.900759e-03 -8.882456e-03 -1.754522e-02 -1.738495e-02 7.554002e-03 2.481663e-02 
2.161227e-02 1.545540e-02 -6.540875e-03 -2.343909e-03 -4.281457e-02 -2.545802e-02 -1.630072e-02 1.914930e-02 8.436133e-03 1.667932e-02 4.221796e-02 3.096229e-02 6.257367e-02 4.009883e-02 -3.246923e-03 -2.116865e-02 -3.372168e-02 -2.609422e-02 1.149033e-02 3.828476e-02 
1.592776e-02 2.606757e-02 -1.518840e-02 3.036016e-04 -1.521917e-02 -2.204831e-02 1.828695e-03 1.251832e-02 1.607619e-02 1.766970e-02 2.737959e-02 1.209153e-02 4.009883e-02 6.399178e-02 1.897982e-02 -1.117375e-02 -2.196878e-02 -1.262673e-02 7.777141e-03 2.796215e-02 
6.072460e-03 2.659762e-02 -4.134342e-03 5.861074e-03 2.605291e-02 1.168226e-02 2.312293e-02 8.401327e-03 1.450924e-02 1.987040e-02 1.231874e-03 -8.900759e-03 -3.246923e-03 1.897982e-02 5.027811e-02 2.258456e-02 2.327326e-02 2.112494e-02 -2.716882e-03 -1.934663e-02 
4.236852e-03 1.386954e-02 2.430111e-03 6.386765e-03 2.905397e-02 1.700226e-02 2.181766e-02 -2.467386e-03 3.930579e-03 7.436716e-03 -3.454177e-03 -8.882456e-03 -2.116865e-02 -1.117375e-02 2.258456e-02 2.739976e-02 3.097813e-02 2.302614e-02 -3.268444e-03 -2.603640e-02 
-1.134114e-03 8.661853e-03 8.408863e-03 8.902024e-03 4.040895e-02 2.939574e-02 2.663567e-02 -7.509907e-03 3.864122e-03 8.167507e-03 -1.825097e-02 -1.754522e-02 -3.372168e-02 -2.196878e-02 2.327326e-02 3.097813e-02 4.276487e-02 3.597138e-02 -5.302665e-03 -3.526405e-02 
-5.453148e-03 4.865577e-03 1.335563e-02 1.418492e-02 3.930252e-02 3.101213e-02 2.819358e-02 -3.194217e-03 5.942399e-03 3.841227e-03 -2.948610e-02 -1.738495e-02 -2.609422e-02 -1.262673e-02 2.112494e-02 2.302614e-02 3.597138e-02 6.174868e-02 3.138380e-03 -2.505149e-02 
-3.321690e-03 2.679390e-03 2.546321e-03 2.086881e-03 -3.717723e-03 -4.938721e-03 -2.246885e-03 2.980633e-03 3.510570e-03 1.640329e-03 1.667707e-02 7.554002e-03 1.149033e-02 7.777141e-03 -2.716882e-03 -3.268444e-03 -5.302665e-03 3.138380e-03 1.802548e-02 1.563970e-02 
9.043273e-04 8.738421e-03 5.607812e-03 -2.678970e-03 -3.535661e-02 -3.345565e-02 -2.802783e-02 2.189732e-04 -2.944521e-03 -1.015361e-02 2.885914e-02 2.481663e-02 3.828476e-02 2.796215e-02 -1.934663e-02 -2.603640e-02 -3.526405e-02 -2.505149e-02 1.563970e-02 6.618895e-02 
invCovars
3.705657e+01 -2.014227e+01 -8.052873e+00 6.746897e+00 6.783740e+00 -6.293158e+00 5.886141e+00 -2.468675e+00 3.456634e+00 -4.071289e+00 5.421306e+00 -1.937541e+01 -3.640215e+00 -1.471615e+01 1.661025e+01 -1.740865e+01 9.767238e-01 -5.913274e-01 9.258834e+00 1.492024e+01 
-2.014227e+01 4.709090e+01 -5.870265e+00 -2.687685e+00 -1.784550e+01 7.637268e+00 -1.343033e+01 2.735831e+00 2.214105e+00 1.351870e+01 -6.230579e+00 -7.671905e+00 -1.070912e+01 -4.403892e+00 -1.719648e+01 2.264087e+00 -1.394426e+01 6.931467e+00 5.009659e+00 -1.122689e+01 
-8.052873e+00 -5.870265e+00 3.284297e+01 -1.617284e+01 1.621244e+00 1.911918e+00 5.495923e+00 1.992448e-01 -9.125366e+00 2.588278e+00 -8.269005e+00 1.200991e+01 2.746675e+00 1.758387e+01 -3.715516e+00 2.776828e+01 -1.473756e+01 -7.997953e+00 3.277572e+00 -1.013317e+01 
6.746897e+00 -2.687685e+00 -1.617284e+01 5.443955e+01 -1.227408e+01 -1.430422e+01 6.336509e-01 -6.054721e+00 1.434103e+01 -1.014539e+01 1.172275e+00 -5.122128e+00 -2.991999e+00 -1.118456e+01 1.035269e+01 -2.550943e+01 1.956008e+01 -5.544099e+00 3.835604e+00 -2.307358e+00 
6.783740e+00 -1.784550e+01 1.621244e+00 -1.227408e+01 4.940385e+01 -6.880939e+00 -4.350334e+00 5.946768e+00 -8.217925e+00 -7.066554e+00 7.252017e+00 1.075339e+01 2.214309e+01 -3.518390e-01 -1.744168e-01 -1.499739e+01 5.685791e+00 -6.756698e-01 -1.315269e+01 1.307966e+00 
-6.293158e+00 7.637268e+00 1.911918e+00 -1.430422e+01 -6.880939e+00 3.898833e+01 -1.388978e+01 -9.934850e-02 -2.638128e+00 -2.652668e+00 3.022530e+00 -6.387194e+00 -2.175168e+00 1.175231e+01 -7.301711e+00 3.683114e+01 -2.766477e+01 1.001818e+00 -2.554079e+00 3.929919e+00 
5.886141e+00 -1.343033e+01 5.495923e+00 6.336509e-01 -4.350334e+00 -1.388978e+01 4.717502e+01 -1.135575e+01 -1.274171e+01 -3.449011e+00 3.368141e+00 2.079454e+00 4.601204e+00 -1.140964e+01 1.681421e+01 -3.006492e+01 8.477633e+00 -6.231630e+00 1.955590e+00 5.520892e+00 
-2.468675e+00 2.735831e+00 1.992448e-01 -6.054721e+00 5.946768e+00 -9.934850e-02 -1.135575e+01 3.610678e+01 -2.175224e+01 8.823911e+00 -1.184840e+01 1.052721e+01 -1.052421e+01 1.419489e+01 -1.172297e+01 2.852980e+00 2.090746e+01 -6.326108e+00 6.553957e+00 4.196285e+00 
3.456634e+00 2.214105e+00 -9.125366e+00 1.434103e+01 -8.217925e+00 -2.638128e+00 -1.274171e+01 -2.175224e+01 7.987176e+01 -2.030004e+01 1.228554e+01 -2.389199e+01 7.440079e+00 -2.242692e+01 -1.552771e+00 1.169266e+01 -1.784855e+01 9.258691e+00 -1.666924e+01 1.258005e+00 
-4.071289e+00 1.351870e+01 2.588278e+00 -1.014539e+01 -7.066554e+00 -2.652668e+00 -3.449011e+00 8.823911e+00 -2.030004e+01 4.866195e+01 -1.175869e+01 5.524994e+00 -2.957414e+01 -2.548587e+00 -7.699110e+00 2.330609e+01 -3.541163e+01 7.718830e+00 6.051694e+00 8.378065e+00 
5.421306e+00 -6.230579e+00 -8.269005e+00 1.172275e+00 7.252017e+00 3.022530e+00 3.368141e+00 -1.184840e+01 1.228554e+01 -1.175869e+01 3.240390e+01 -2.223720e+01 6.379135e+00 -1.265441e+01 6.376579e+00 -2.659783e+01 -1.887094e+00 1.506964e+01 -2.410634e+01 4.767027e+00 
-1.937541e+01 -7.671905e+00 1.200991e+01 -5.122128e+00 1.075339e+01 -6.387194e+00 2.079454e+00 1.052721e+01 -2.389199e+01 5.524994e+00 -2.223720e+01 9.083428e+01 -1.993611e+01 3.023610e+01 2.677449e+00 -2.328700e+01 3.396207e+01 -1.177001e+01 6.123850e+00 -1.858981e+01 
-3.640215e+00 -1.070912e+01 2.746675e+00 -2.991999e+00 2.214309e+01 -2.175168e+00 4.601204e+00 -1.052421e+01 7.440079e+00 -2.957414e+01 6.379135e+00 -1.993611e+01 8.764343e+01 -1.479591e+01 -7.203108e+00 -7.217565e-01 3.566596e+01 -3.636807e+00 -1.986246e+01 -1.020473e+01 
-1.471615e+01 -4.403892e+00 1.758387e+01 -1.118456e+01 -3.518390e-01 1.175231e+01 -1.140964e+01 1.419489e+01 -2.242692e+01 -2.548587e+00 -1.265441e+01 3.023610e+01 -1.479591e+01 7.652872e+01 -3.898967e+01 1.974243e+01 4.249389e+01 -1.451192e+01 5.423281e+00 -1.903056e+01 
1.661025e+01 -1.719648e+01 -3.715516e+00 1.035269e+01 -1.744168e-01 -7.301711e+00 1.681421e+01 -1.172297e+01 -1.552771e+00 -7.699110e+00 6.376579e+00 2.677449e+00 -7.203108e+00 -3.898967e+01 7.852089e+01 -6.505860e+01 -5.397906e+00 -5.244683e+00 1.173899e+01 1.148050e+01 
-1.740865e+01 2.264087e+00 2.776828e+01 -2.550943e+01 -1.499739e+01 3.683114e+01 -3.006492e+01 2.852980e+00 1.169266e+01 2.330609e+01 -2.659783e+01 -2.328700e+01 -7.217565e-01 1.974243e+01 -6.505860e+01 4.186020e+02 -2.881882e+02 2.711808e+01 -1.856339e+01 1.767581e+01 
9.767238e-01 -1.394426e+01 -1.473756e+01 1.956008e+01 5.685791e+00 -2.766477e+01 8.477633e+00 2.090746e+01 -1.784855e+01 -3.541163e+01 -1.887094e+00 3.396207e+01 3.566596e+01 4.249389e+01 -5.397906e+00 -2.881882e+02 3.769031e+02 -7.010741e+01 2.168467e+01 -6.069706e+00 
-5.913274e-01 6.931467e+00 -7.997953e+00 -5.544099e+00 -6.756698e-01 1.001818e+00 -6.231630e+00 -6.326108e+00 9.258691e+00 7.718830e+00 1.506964e+01 -1.177001e+01 -3.636807e+00 -1.451192e+01 -5.244683e+00 2.711808e+01 -7.010741e+01 5.530995e+01 -3.248511e+01 5.138914e+00 
9.258834e+00 5.009659e+00 3.277572e+00 3.835604e+00 -1.315269e+01 -2.554079e+00 1.955590e+00 6.553957e+00 -1.666924e+01 6.051694e+00 -2.410634e+01 6.123850e+00 -1.986246e+01 5.423281e+00 1.173899e+01 -1.856339e+01 2.168467e+01 -3.248511e+01 1.138514e+02 -2.233645e+01 
1.492024e+01 -1.122689e+01 -1.013317e+01 -2.307358e+00 1.307966e+00 3.929919e+00 5.520892e+00 4.196285e+00 1.258005e+00 8.378065e+00 4.767027e+00 -1.858981e+01 -1.020473e+01 -1.903056e+01 1.148050e+01 1.767581e+01 -6.069706e+00 5.138914e+00 -2.233645e+01 5.663347e+01 
detCovars
9.247371e-33 
dha dhe dhin ge ke na te tin tun 