priors
1.497044e-01 1.219925e-02 2.477503e-02 8.336157e-02 1.411198e-01 1.331752e-01 4.319063e-01 1.506081e-04 2.360782e-02 
means
-1.154490e-02 1.355448e-01 -1.302248e-01 3.881343e-02 5.405364e-02 -1.826692e-02 1.473736e-01 8.666276e-02 1.139111e-01 1.045491e-01 -2.155654e-02 -5.425035e-02 1.749351e-01 2.264701e-01 8.378138e-02 -9.539368e-03 -4.223744e-02 -1.437165e-03 6.654866e-02 4.821789e-02 
-3.921872e-01 3.735898e-01 9.869443e-02 2.779829e-01 3.560533e-01 2.643638e-01 1.614666e-01 9.802791e-04 5.540114e-03 8.843316e-02 6.016403e-02 2.893290e-02 -7.191567e-02 -1.631812e-01 8.261655e-02 6.956996e-02 1.432690e-01 1.449990e-01 2.307863e-02 -3.869825e-03 
2.187226e-01 3.915250e-01 8.088176e-02 1.912873e-01 5.980859e-02 8.594260e-02 8.162601e-02 -2.413776e-02 -9.565608e-02 6.881848e-02 1.928299e-01 6.590785e-02 -1.085855e-01 -6.879378e-02 9.189714e-02 1.686192e-01 1.606234e-01 -1.096288e-01 -1.186150e-01 -2.387503e-02 
4.497806e-01 3.845947e-01 3.342274e-02 1.077997e-01 8.912567e-02 3.322844e-02 2.074967e-01 -4.046656e-03 -1.950791e-04 7.317789e-02 2.142268e-01 1.716462e-01 1.934379e-02 -2.265459e-02 1.199990e-01 1.554159e-01 1.365558e-01 1.009267e-01 1.381154e-03 -1.450858e-01 
-1.297103e-01 -4.387865e-02 -5.051105e-02 -6.305410e-02 2.714877e-02 -4.287134e-03 -7.261337e-03 7.147347e-02 4.321333e-02 -4.975711e-02 2.693737e-01 6.575078e-02 -1.296335e-01 -1.407452e-01 -4.562443e-03 1.021282e-01 8.665101e-02 -1.926968e-02 9.081295e-02 -7.594072e-02 
-2.150458e-01 -1.254840e-01 -2.232159e-01 -4.427404e-02 -4.561825e-02 -5.596458e-02 1.473028e-02 2.371629e-02 5.145578e-02 1.133972e-01 -3.588324e-02 -8.458058e-02 4.796412e-02 2.682092e-01 2.324647e-01 -4.189524e-02 -7.504837e-02 -5.120641e-02 -5.165744e-02 -1.363097e-02 
2.524082e-03 -1.149615e-01 1.123300e-01 -2.078638e-02 -4.502994e-02 5.001157e-03 -9.230072e-02 -5.350741e-02 -5.753327e-02 -6.970782e-02 -1.275887e-01 -1.393942e-02 -2.737472e-02 -1.065922e-01 -1.374852e-01 -6.227562e-02 -2.981706e-02 1.839801e-02 -2.047627e-02 4.776415e-02 
3.644704e-01 3.451550e-01 -1.206402e-01 3.646437e-01 4.191562e-01 4.645442e-01 3.640991e-01 3.628268e-01 3.060747e-01 2.269707e-01 5.932743e-02 1.247989e-01 -2.575910e-02 -3.165978e-03 1.815250e-01 2.290635e-01 2.315611e-01 2.253252e-01 -2.017851e-02 -2.128934e-01 
3.980812e-01 2.496832e-01 7.871468e-02 3.346358e-02 1.196683e-02 1.857399e-02 -1.896975e-01 -9.486706e-02 -1.220966e-01 -1.076935e-01 7.284557e-02 -7.877735e-03 -2.118535e-02 7.884793e-02 1.359025e-01 6.251983e-02 -7.534968e-03 -2.411268e-01 -1.910283e-01 -1.080434e-01 
covars
7.430393e-02 4.361180e-02 9.938984e-03 2.078796e-03 -1.157360e-02 -1.045100e-03 4.160418e-03 1.088662e-02 6.508946e-03 8.600070e-03 2.825700e-02 2.691471e-02 2.103297e-02 1.511585e-02 5.955611e-03 4.815253e-03 -8.334507e-04 -5.185220e-03 -3.632443e-03 -1.506266e-04 
4.361180e-02 7.572931e-02 1.318971e-02 1.072016e-02 1.578553e-02 -2.518204e-03 1.979065e-02 8.927062e-03 1.071651e-02 6.866556e-03 3.068535e-02 1.780719e-02 1.521897e-02 2.510539e-02 2.536095e-02 1.350839e-02 8.215465e-03 4.510463e-03 2.530708e-03 9.079628e-03 
9.938984e-03 1.318971e-02 5.946188e-02 1.770844e-02 7.211588e-03 7.805277e-03 -3.357571e-03 5.983676e-04 -1.304095e-03 -3.438846e-03 7.452997e-03 1.951397e-03 -5.737269e-03 -1.405009e-02 -4.417906e-03 1.588468e-03 7.374637e-03 1.219323e-02 3.040154e-03 7.330773e-03 
2.078796e-03 1.072016e-02 1.770844e-02 3.514503e-02 2.085543e-02 2.070516e-02 1.472187e-02 4.900996e-03 4.217712e-03 1.121012e-02 3.557340e-04 -1.986646e-03 -2.256468e-03 6.477603e-04 6.295000e-03 6.574763e-03 9.167858e-03 1.399637e-02 2.232420e-03 -3.326313e-03 
-1.157360e-02 1.578553e-02 7.211588e-03 2.085543e-02 8.495281e-02 4.255490e-02 4.449039e-02 -9.750220e-03 1.135339e-02 1.067045e-02 -3.890954e-02 -3.124539e-02 -4.423380e-02 -1.505562e-02 2.825171e-02 3.063898e-02 4.280223e-02 4.090854e-02 -4.307895e-03 -3.930892e-02 
-1.045100e-03 -2.518204e-03 7.805277e-03 2.070516e-02 4.255490e-02 6.951301e-02 3.903273e-02 3.861874e-03 1.231540e-02 1.630460e-02 -3.005729e-02 -1.532349e-02 -2.654275e-02 -2.135849e-02 1.405680e-02 1.854158e-02 3.146348e-02 3.204293e-02 -5.617413e-03 -3.653518e-02 
4.160418e-03 1.979065e-02 -3.357571e-03 1.472187e-02 4.449039e-02 3.903273e-02 6.744165e-02 1.646918e-02 2.265050e-02 1.971548e-02 -1.518534e-02 -1.364405e-02 -1.807106e-02 1.404971e-03 2.571929e-02 2.383353e-02 2.958602e-02 3.017203e-02 -3.090433e-03 -3.268993e-02 
1.088662e-02 8.927062e-03 5.983676e-04 4.900996e-03 -9.750220e-03 3.861874e-03 1.646918e-02 5.654967e-02 1.910786e-02 1.101750e-02 2.513226e-02 9.144750e-03 1.880175e-02 1.210645e-02 8.162134e-03 -2.072889e-03 -7.170667e-03 -2.704941e-03 2.799122e-03 -1.252782e-03 
6.508946e-03 1.071651e-02 -1.304095e-03 4.217712e-03 1.135339e-02 1.231540e-02 2.265050e-02 1.910786e-02 3.131955e-02 2.099558e-02 4.297710e-03 2.845839e-03 7.391530e-03 1.562658e-02 1.538310e-02 4.435135e-03 4.836517e-03 7.057499e-03 3.151589e-03 -4.955508e-03 
8.600070e-03 6.866556e-03 -3.438846e-03 1.121012e-02 1.067045e-02 1.630460e-02 1.971548e-02 1.101750e-02 2.099558e-02 5.436300e-02 1.660036e-02 1.494712e-03 1.587129e-02 1.771859e-02 2.101678e-02 7.880635e-03 9.205616e-03 4.990776e-03 1.673069e-03 -1.185592e-02 
2.825700e-02 3.068535e-02 7.452997e-03 3.557340e-04 -3.890954e-02 -3.005729e-02 -1.518534e-02 2.513226e-02 4.297710e-03 1.660036e-02 1.108372e-01 4.269570e-02 4.391423e-02 2.689761e-02 -1.109155e-03 -4.714771e-03 -2.040728e-02 -3.085684e-02 1.703651e-02 3.163376e-02 
2.691471e-02 1.780719e-02 1.951397e-03 -1.986646e-03 -3.124539e-02 -1.532349e-02 -1.364405e-02 9.144750e-03 2.845839e-03 1.494712e-03 4.269570e-02 4.198170e-02 3.185472e-02 1.165941e-02 -1.041733e-02 -9.864096e-03 -1.904191e-02 -1.882964e-02 7.516394e-03 2.729131e-02 
2.103297e-02 1.521897e-02 -5.737269e-03 -2.256468e-03 -4.423380e-02 -2.654275e-02 -1.807106e-02 1.880175e-02 7.391530e-03 1.587129e-02 4.391423e-02 3.185472e-02 6.384142e-02 3.979577e-02 -5.017986e-03 -2.236186e-02 -3.556046e-02 -2.707674e-02 1.218278e-02 4.081538e-02 
1.511585e-02 2.510539e-02 -1.405009e-02 6.477603e-04 -1.505562e-02 -2.135849e-02 1.404971e-03 1.210645e-02 1.562658e-02 1.771859e-02 2.689761e-02 1.165941e-02 3.979577e-02 6.301722e-02 1.853148e-02 -1.144712e-02 -2.206406e-02 -1.189027e-02 8.239026e-03 2.819781e-02 
5.955611e-03 2.536095e-02 -4.417906e-03 6.295000e-03 2.825171e-02 1.405680e-02 2.571929e-02 8.162134e-03 1.538310e-02 2.101678e-02 -1.109155e-03 -1.041733e-02 -5.017986e-03 1.853148e-02 5.267665e-02 2.447059e-02 2.609910e-02 2.334428e-02 -3.265302e-03 -2.303782e-02 
4.815253e-03 1.350839e-02 1.588468e-03 6.574763e-03 3.063898e-02 1.854158e-02 2.383353e-02 -2.072889e-03 4.435135e-03 7.880635e-03 -4.714771e-03 -9.864096e-03 -2.236186e-02 -1.144712e-02 2.447059e-02 2.912944e-02 3.326596e-02 2.426971e-02 -4.109521e-03 -2.929927e-02 
-8.334507e-04 8.215465e-03 7.374637e-03 9.167858e-03 4.280223e-02 3.146348e-02 2.958602e-02 -7.170667e-03 4.836517e-03 9.205616e-03 -2.040728e-02 -1.904191e-02 -3.556046e-02 -2.206406e-02 2.609910e-02 3.326596e-02 4.594806e-02 3.774149e-02 -6.363882e-03 -3.957392e-02 
-5.185220e-03 4.510463e-03 1.219323e-02 1.399637e-02 4.090854e-02 3.204293e-02 3.017203e-02 -2.704941e-03 7.057499e-03 4.990776e-03 -3.085684e-02 -1.882964e-02 -2.707674e-02 -1.189027e-02 2.334428e-02 2.426971e-02 3.774149e-02 6.196486e-02 2.744976e-03 -2.825867e-02 
-3.632443e-03 2.530708e-03 3.040154e-03 2.232420e-03 -4.307895e-03 -5.617413e-03 -3.090433e-03 2.799122e-03 3.151589e-03 1.673069e-03 1.703651e-02 7.516394e-03 1.218278e-02 8.239026e-03 -3.265302e-03 -4.109521e-03 -6.363882e-03 2.744976e-03 1.869562e-02 1.682710e-02 
-1.506266e-04 9.079628e-03 7.330773e-03 -3.326313e-03 -3.930892e-02 -3.653518e-02 -3.268993e-02 -1.252782e-03 -4.955508e-03 -1.185592e-02 3.163376e-02 2.729131e-02 4.081538e-02 2.819781e-02 -2.303782e-02 -2.929927e-02 -3.957392e-02 -2.825867e-02 1.682710e-02 7.337939e-02 
invCovars
3.619807e+01 -2.020454e+01 -7.708342e+00 6.230725e+00 6.441924e+00 -5.955713e+00 5.949685e+00 -2.568344e+00 2.591290e+00 -3.466250e+00 5.243394e+00 -1.855639e+01 -3.610347e+00 -1.403899e+01 1.628565e+01 -1.813593e+01 2.729757e+00 -9.260322e-01 8.479040e+00 1.542088e+01 
-2.020454e+01 4.650391e+01 -5.840253e+00 -2.454865e+00 -1.761760e+01 7.461196e+00 -1.281552e+01 2.133046e+00 3.013311e+00 1.286505e+01 -6.047842e+00 -7.143549e+00 -9.566700e+00 -4.603538e+00 -1.616004e+01 1.846223e+00 -1.247652e+01 6.528694e+00 4.664815e+00 -1.170313e+01 
-7.708342e+00 -5.840253e+00 3.245042e+01 -1.625238e+01 1.672677e+00 2.277078e+00 4.854534e+00 7.044411e-01 -8.678670e+00 1.861003e+00 -7.907348e+00 1.172673e+01 2.751625e+00 1.750036e+01 -4.328135e+00 2.910532e+01 -1.563605e+01 -7.564881e+00 2.665974e+00 -1.025550e+01 
6.230725e+00 -2.454865e+00 -1.625238e+01 5.400643e+01 -1.170400e+01 -1.460988e+01 6.298920e-01 -6.474157e+00 1.487739e+01 -9.965306e+00 1.703705e+00 -5.906269e+00 -2.483757e+00 -1.172529e+01 1.003209e+01 -2.518295e+01 1.853260e+01 -4.783740e+00 2.315882e+00 -1.525590e+00 
6.441924e+00 -1.761760e+01 1.672677e+00 -1.170400e+01 4.757529e+01 -6.531916e+00 -4.473727e+00 5.858772e+00 -8.710733e+00 -6.499170e+00 6.404790e+00 1.216886e+01 2.015609e+01 4.261808e-01 6.621806e-01 -1.617478e+01 7.051493e+00 -1.234919e+00 -1.192721e+01 1.347759e+00 
-5.955713e+00 7.461196e+00 2.277078e+00 -1.460988e+01 -6.531916e+00 3.979593e+01 -1.345737e+01 -3.041135e-01 -2.858681e+00 -2.357728e+00 2.732355e+00 -7.003602e+00 -1.703657e+00 1.149931e+01 -7.078699e+00 3.700809e+01 -2.840815e+01 5.136864e-01 -1.610179e+00 3.671881e+00 
5.949685e+00 -1.281552e+01 4.854534e+00 6.298920e-01 -4.473727e+00 -1.345737e+01 4.565015e+01 -1.085257e+01 -1.260346e+01 -4.071854e+00 3.552767e+00 2.064265e+00 4.009327e+00 -1.080555e+01 1.569651e+01 -2.884771e+01 7.553228e+00 -5.501237e+00 1.720637e+00 5.279877e+00 
-2.568344e+00 2.133046e+00 7.044411e-01 -6.474157e+00 5.858772e+00 -3.041135e-01 -1.085257e+01 3.614013e+01 -2.239939e+01 9.156441e+00 -1.194169e+01 1.119842e+01 -1.074040e+01 1.414607e+01 -1.059061e+01 2.177530e+00 2.109232e+01 -6.585924e+00 6.796761e+00 4.449070e+00 
2.591290e+00 3.013311e+00 -8.678670e+00 1.487739e+01 -8.710733e+00 -2.858681e+00 -1.260346e+01 -2.239939e+01 8.011238e+01 -1.979522e+01 1.208947e+01 -2.543828e+01 8.454744e+00 -2.242485e+01 -2.406769e+00 1.309621e+01 -1.727714e+01 8.667623e+00 -1.621887e+01 1.675859e+00 
-3.466250e+00 1.286505e+01 1.861003e+00 -9.965306e+00 -6.499170e+00 -2.357728e+00 -4.071854e+00 9.156441e+00 -1.979522e+01 4.731572e+01 -1.142289e+01 6.701070e+00 -2.864071e+01 -2.379654e+00 -7.898811e+00 2.489561e+01 -3.484487e+01 8.126752e+00 4.838788e+00 7.724010e+00 
5.243394e+00 -6.047842e+00 -7.907348e+00 1.703705e+00 6.404790e+00 2.732355e+00 3.552767e+00 -1.194169e+01 1.208947e+01 -1.142289e+01 3.139266e+01 -2.107186e+01 5.339822e+00 -1.204427e+01 6.973225e+00 -2.866106e+01 3.028143e-01 1.438308e+01 -2.278322e+01 4.401517e+00 
-1.855639e+01 -7.143549e+00 1.172673e+01 -5.906269e+00 1.216886e+01 -7.003602e+00 2.064265e+00 1.119842e+01 -2.543828e+01 6.701070e+00 -2.107186e+01 8.671592e+01 -1.901648e+01 2.911738e+01 1.265914e+00 -1.991857e+01 2.808940e+01 -1.006415e+01 6.838749e+00 -1.871610e+01 
-3.610347e+00 -9.566700e+00 2.751625e+00 -2.483757e+00 2.015609e+01 -1.703657e+00 4.009327e+00 -1.074040e+01 8.454744e+00 -2.864071e+01 5.339822e+00 -1.901648e+01 8.407250e+01 -1.484078e+01 -6.130049e+00 -3.675099e+00 3.581582e+01 -3.878463e+00 -1.812057e+01 -9.419786e+00 
-1.403899e+01 -4.603538e+00 1.750036e+01 -1.172529e+01 4.261808e-01 1.149931e+01 -1.080555e+01 1.414607e+01 -2.242485e+01 -2.379654e+00 -1.204427e+01 2.911738e+01 -1.484078e+01 7.580937e+01 -3.909748e+01 2.069226e+01 3.947149e+01 -1.427371e+01 5.253543e+00 -1.819746e+01 
1.628565e+01 -1.616004e+01 -4.328135e+00 1.003209e+01 6.621806e-01 -7.078699e+00 1.569651e+01 -1.059061e+01 -2.406769e+00 -7.898811e+00 6.973225e+00 1.265914e+00 -6.130049e+00 -3.909748e+01 7.651936e+01 -6.354275e+01 -6.310505e+00 -4.645580e+00 1.043553e+01 1.114702e+01 
-1.813593e+01 1.846223e+00 2.910532e+01 -2.518295e+01 -1.617478e+01 3.700809e+01 -2.884771e+01 2.177530e+00 1.309621e+01 2.489561e+01 -2.866106e+01 -1.991857e+01 -3.675099e+00 2.069226e+01 -6.354275e+01 4.169559e+02 -2.870391e+02 2.658989e+01 -1.678966e+01 1.721836e+01 
2.729757e+00 -1.247652e+01 -1.563605e+01 1.853260e+01 7.051493e+00 -2.840815e+01 7.553228e+00 2.109232e+01 -1.727714e+01 -3.484487e+01 3.028143e-01 2.808940e+01 3.581582e+01 3.947149e+01 -6.310505e+00 -2.870391e+02 3.682811e+02 -6.879689e+01 2.316360e+01 -4.935158e+00 
-9.260322e-01 6.528694e+00 -7.564881e+00 -4.783740e+00 -1.234919e+00 5.136864e-01 -5.501237e+00 -6.585924e+00 8.667623e+00 8.126752e+00 1.438308e+01 -1.006415e+01 -3.878463e+00 -1.427371e+01 -4.645580e+00 2.658989e+01 -6.879689e+01 5.613337e+01 -3.293610e+01 5.069272e+00 
8.479040e+00 4.664815e+00 2.665974e+00 2.315882e+00 -1.192721e+01 -1.610179e+00 1.720637e+00 6.796761e+00 -1.621887e+01 4.838788e+00 -2.278322e+01 6.838749e+00 -1.812057e+01 5.253543e+00 1.043553e+01 -1.678966e+01 2.316360e+01 -3.293610e+01 1.090579e+02 -2.063236e+01 
1.542088e+01 -1.170313e+01 -1.025550e+01 -1.525590e+00 1.347759e+00 3.671881e+00 5.279877e+00 4.449070e+00 1.675859e+00 7.724010e+00 4.401517e+00 -1.871610e+01 -9.419786e+00 -1.819746e+01 1.114702e+01 1.721836e+01 -4.935158e+00 5.069272e+00 -2.063236e+01 5.409479e+01 
detCovars
1.399099e-32 
dha dhe dhin ge ke na te tin tun 