priors
1.500321e-01 1.206591e-02 2.481053e-02 8.302854e-02 1.413220e-01 1.332529e-01 4.316956e-01 1.508239e-04 2.364164e-02 
means
-1.160644e-02 1.357307e-01 -1.305483e-01 3.882239e-02 5.478148e-02 -1.868326e-02 1.478797e-01 8.772913e-02 1.136582e-01 1.042168e-01 -2.109960e-02 -5.481636e-02 1.743460e-01 2.265476e-01 8.373786e-02 -8.888842e-03 -4.144433e-02 -1.457062e-03 6.648317e-02 4.682775e-02 
-4.201529e-01 3.682723e-01 1.066896e-01 2.804049e-01 3.567277e-01 2.654370e-01 1.615662e-01 4.790934e-03 8.254749e-03 9.972924e-02 6.787312e-02 2.856459e-02 -7.002826e-02 -1.627047e-01 8.015188e-02 6.745995e-02 1.424868e-01 1.436756e-01 2.511785e-02 -8.102289e-05 
2.376765e-01 3.921570e-01 8.170120e-02 1.910652e-01 5.900234e-02 8.693123e-02 8.107269e-02 -2.634080e-02 -9.708674e-02 6.807369e-02 1.948193e-01 6.575326e-02 -1.087282e-01 -6.755459e-02 9.303007e-02 1.689985e-01 1.619932e-01 -1.101348e-01 -1.193083e-01 -2.475069e-02 
4.871181e-01 3.865226e-01 3.369617e-02 1.061318e-01 8.747192e-02 3.075557e-02 2.066700e-01 -4.776297e-03 -7.656438e-04 7.162270e-02 2.185501e-01 1.723971e-01 1.950593e-02 -2.329212e-02 1.197220e-01 1.552298e-01 1.366327e-01 9.987162e-02 1.352893e-03 -1.441816e-01 
-1.408474e-01 -4.377391e-02 -5.023099e-02 -6.292331e-02 2.769851e-02 -3.868352e-03 -6.806891e-03 7.174328e-02 4.384318e-02 -4.931642e-02 2.717646e-01 6.569983e-02 -1.297732e-01 -1.409822e-01 -4.965687e-03 1.021073e-01 8.708501e-02 -1.829046e-02 9.078713e-02 -7.650418e-02 
-2.323617e-01 -1.255751e-01 -2.234951e-01 -4.438954e-02 -4.534269e-02 -5.649692e-02 1.471734e-02 2.336902e-02 5.148225e-02 1.130630e-01 -3.740845e-02 -8.496023e-02 4.734831e-02 2.684620e-01 2.324918e-01 -4.200301e-02 -7.483355e-02 -5.144283e-02 -5.175696e-02 -1.337091e-02 
2.603229e-03 -1.150514e-01 1.123589e-01 -2.039277e-02 -4.512793e-02 5.677089e-03 -9.239494e-02 -5.381344e-02 -5.766908e-02 -6.963987e-02 -1.292296e-01 -1.355308e-02 -2.706605e-02 -1.068481e-01 -1.373724e-01 -6.233634e-02 -3.026762e-02 1.859232e-02 -2.048373e-02 4.805014e-02 
3.931926e-01 3.452334e-01 -1.204051e-01 3.647678e-01 4.194848e-01 4.648486e-01 3.643261e-01 3.625957e-01 3.060809e-01 2.270797e-01 5.923810e-02 1.242700e-01 -2.638365e-02 -3.299213e-03 1.817377e-01 2.291649e-01 2.318684e-01 2.256978e-01 -2.024728e-02 -2.129895e-01 
4.294913e-01 2.497731e-01 7.900301e-02 3.365231e-02 1.252583e-02 1.878567e-02 -1.892727e-01 -9.502057e-02 -1.220925e-01 -1.075373e-01 7.294780e-02 -8.344225e-03 -2.181282e-02 7.870374e-02 1.361270e-01 6.264310e-02 -7.132104e-03 -2.408960e-01 -1.910851e-01 -1.081523e-01 
covars
8.655657e-02 4.727574e-02 1.080157e-02 2.288023e-03 -1.237420e-02 -9.918003e-04 4.609382e-03 1.170425e-02 7.052929e-03 9.338061e-03 3.074759e-02 2.895002e-02 2.258344e-02 1.629637e-02 6.559852e-03 5.267374e-03 -7.604376e-04 -5.474412e-03 -3.978932e-03 -2.788403e-04 
4.727574e-02 7.574722e-02 1.328917e-02 1.073284e-02 1.571999e-02 -2.504502e-03 1.979460e-02 8.950735e-03 1.072994e-02 6.956486e-03 3.120851e-02 1.784212e-02 1.526987e-02 2.513110e-02 2.538715e-02 1.352568e-02 8.202746e-03 4.502842e-03 2.541145e-03 9.093212e-03 
1.080157e-02 1.328917e-02 5.950007e-02 1.779570e-02 7.115570e-03 7.825663e-03 -3.415741e-03 6.194123e-04 -1.332798e-03 -3.533996e-03 7.770101e-03 2.043183e-03 -5.622167e-03 -1.410578e-02 -4.473985e-03 1.597869e-03 7.302539e-03 1.214557e-02 3.075511e-03 7.388438e-03 
2.288023e-03 1.073284e-02 1.779570e-02 3.497544e-02 2.075316e-02 2.053609e-02 1.454828e-02 4.827240e-03 4.138195e-03 1.111184e-02 4.436850e-04 -1.984761e-03 -2.232994e-03 6.702395e-04 6.204662e-03 6.505772e-03 9.116314e-03 1.393535e-02 2.244263e-03 -3.271500e-03 
-1.237420e-02 1.571999e-02 7.115570e-03 2.075316e-02 8.479399e-02 4.247656e-02 4.439406e-02 -9.665559e-03 1.134754e-02 1.065449e-02 -3.914711e-02 -3.115637e-02 -4.403466e-02 -1.497614e-02 2.817288e-02 3.057834e-02 4.265193e-02 4.082831e-02 -4.256611e-03 -3.928933e-02 
-9.918003e-04 -2.504502e-03 7.825663e-03 2.053609e-02 4.247656e-02 6.939028e-02 3.890488e-02 3.858401e-03 1.226303e-02 1.617384e-02 -3.045324e-02 -1.534220e-02 -2.654470e-02 -2.133637e-02 1.396118e-02 1.850964e-02 3.147754e-02 3.203209e-02 -5.610204e-03 -3.653472e-02 
4.609382e-03 1.979460e-02 -3.415741e-03 1.454828e-02 4.439406e-02 3.890488e-02 6.736336e-02 1.650965e-02 2.266702e-02 1.969133e-02 -1.512098e-02 -1.361991e-02 -1.795676e-02 1.485171e-03 2.571895e-02 2.379200e-02 2.950674e-02 3.006787e-02 -3.086083e-03 -3.268010e-02 
1.170425e-02 8.950735e-03 6.194123e-04 4.827240e-03 -9.665559e-03 3.858401e-03 1.650965e-02 5.662070e-02 1.919769e-02 1.109150e-02 2.545241e-02 9.070490e-03 1.877748e-02 1.218090e-02 8.238831e-03 -2.090354e-03 -7.156811e-03 -2.644425e-03 2.821207e-03 -1.347891e-03 
7.052929e-03 1.072994e-02 -1.332798e-03 4.138195e-03 1.134754e-02 1.226303e-02 2.266702e-02 1.919769e-02 3.136006e-02 2.098091e-02 4.471598e-03 2.873746e-03 7.424440e-03 1.567684e-02 1.535074e-02 4.433426e-03 4.838580e-03 7.116876e-03 3.192883e-03 -4.955428e-03 
9.338061e-03 6.956486e-03 -3.533996e-03 1.111184e-02 1.065449e-02 1.617384e-02 1.969133e-02 1.109150e-02 2.098091e-02 5.426962e-02 1.701765e-02 1.490072e-03 1.591488e-02 1.777898e-02 2.097460e-02 7.859177e-03 9.190008e-03 4.875097e-03 1.694319e-03 -1.183939e-02 
3.074759e-02 3.120851e-02 7.770101e-03 4.436850e-04 -3.914711e-02 -3.045324e-02 -1.512098e-02 2.545241e-02 4.471598e-03 1.701765e-02 1.134431e-01 4.296093e-02 4.421828e-02 2.728369e-02 -9.942975e-04 -4.702156e-03 -2.038115e-02 -3.110971e-02 1.720114e-02 3.187938e-02 
2.895002e-02 1.784212e-02 2.043183e-03 -1.984761e-03 -3.115637e-02 -1.534220e-02 -1.361991e-02 9.070490e-03 2.873746e-03 1.490072e-03 4.296093e-02 4.181058e-02 3.164065e-02 1.160163e-02 -1.039386e-02 -9.844600e-03 -1.889019e-02 -1.873521e-02 7.501483e-03 2.726542e-02 
2.258344e-02 1.526987e-02 -5.622167e-03 -2.232994e-03 -4.403466e-02 -2.654470e-02 -1.795676e-02 1.877748e-02 7.424440e-03 1.591488e-02 4.421828e-02 3.164065e-02 6.356410e-02 3.976637e-02 -4.936032e-03 -2.232519e-02 -3.538435e-02 -2.697677e-02 1.215261e-02 4.075639e-02 
1.629637e-02 2.513110e-02 -1.410578e-02 6.702395e-04 -1.497614e-02 -2.133637e-02 1.485171e-03 1.218090e-02 1.567684e-02 1.777898e-02 2.728369e-02 1.160163e-02 3.976637e-02 6.307229e-02 1.860568e-02 -1.142745e-02 -2.202794e-02 -1.189204e-02 8.252432e-03 2.817356e-02 
6.559852e-03 2.538715e-02 -4.473985e-03 6.204662e-03 2.817288e-02 1.396118e-02 2.571895e-02 8.238831e-03 1.535074e-02 2.097460e-02 -9.942975e-04 -1.039386e-02 -4.936032e-03 1.860568e-02 5.260356e-02 2.447140e-02 2.609791e-02 2.334089e-02 -3.264694e-03 -2.305793e-02 
5.267374e-03 1.352568e-02 1.597869e-03 6.505772e-03 3.057834e-02 1.850964e-02 2.379200e-02 -2.090354e-03 4.433426e-03 7.859177e-03 -4.702156e-03 -9.844600e-03 -2.232519e-02 -1.142745e-02 2.447140e-02 2.914679e-02 3.327614e-02 2.429736e-02 -4.129204e-03 -2.934343e-02 
-7.604376e-04 8.202746e-03 7.302539e-03 9.116314e-03 4.265193e-02 3.147754e-02 2.950674e-02 -7.156811e-03 4.838580e-03 9.190008e-03 -2.038115e-02 -1.889019e-02 -3.538435e-02 -2.202794e-02 2.609791e-02 3.327614e-02 4.585689e-02 3.770315e-02 -6.351647e-03 -3.959419e-02 
-5.474412e-03 4.502842e-03 1.214557e-02 1.393535e-02 4.082831e-02 3.203209e-02 3.006787e-02 -2.644425e-03 7.116876e-03 4.875097e-03 -3.110971e-02 -1.873521e-02 -2.697677e-02 -1.189204e-02 2.334089e-02 2.429736e-02 3.770315e-02 6.207348e-02 2.782511e-03 -2.825252e-02 
-3.978932e-03 2.541145e-03 3.075511e-03 2.244263e-03 -4.256611e-03 -5.610204e-03 -3.086083e-03 2.821207e-03 3.192883e-03 1.694319e-03 1.720114e-02 7.501483e-03 1.215261e-02 8.252432e-03 -3.264694e-03 -4.129204e-03 -6.351647e-03 2.782511e-03 1.871747e-02 1.681841e-02 
-2.788403e-04 9.093212e-03 7.388438e-03 -3.271500e-03 -3.928933e-02 -3.653472e-02 -3.268010e-02 -1.347891e-03 -4.955428e-03 -1.183939e-02 3.187938e-02 2.726542e-02 4.075639e-02 2.817356e-02 -2.305793e-02 -2.934343e-02 -3.959419e-02 -2.825252e-02 1.681841e-02 7.350854e-02 
invCovars
3.126575e+01 -1.894919e+01 -7.164320e+00 5.859927e+00 6.000655e+00 -5.564427e+00 5.489771e+00 -2.359766e+00 2.488197e+00 -3.276122e+00 4.821857e+00 -1.729188e+01 -3.380546e+00 -1.307191e+01 1.518203e+01 -1.663118e+01 2.489170e+00 -9.341151e-01 8.000150e+00 1.440439e+01 
-1.894919e+01 4.680015e+01 -5.901609e+00 -2.459215e+00 -1.771135e+01 7.419748e+00 -1.281193e+01 2.120857e+00 3.041432e+00 1.285569e+01 -5.965254e+00 -7.172161e+00 -9.535277e+00 -4.532797e+00 -1.628171e+01 1.237921e+00 -1.192139e+01 6.517123e+00 4.568646e+00 -1.184105e+01 
-7.164320e+00 -5.901609e+00 3.257794e+01 -1.645727e+01 1.737616e+00 2.224958e+00 4.902234e+00 7.435592e-01 -8.840818e+00 2.013548e+00 -7.886859e+00 1.196139e+01 2.643696e+00 1.768462e+01 -4.364331e+00 2.893311e+01 -1.549967e+01 -7.531585e+00 2.636362e+00 -1.027400e+01 
5.859927e+00 -2.459215e+00 -1.645727e+01 5.434375e+01 -1.179848e+01 -1.459641e+01 6.267458e-01 -6.469620e+00 1.510834e+01 -1.004307e+01 1.683756e+00 -6.117792e+00 -2.479620e+00 -1.196847e+01 1.015377e+01 -2.497358e+01 1.834268e+01 -4.812863e+00 2.366305e+00 -1.394964e+00 
6.000655e+00 -1.771135e+01 1.737616e+00 -1.179848e+01 4.765595e+01 -6.475142e+00 -4.507068e+00 5.832447e+00 -8.754942e+00 -6.584264e+00 6.337712e+00 1.229099e+01 2.025887e+01 4.696462e-01 6.343978e-01 -1.589649e+01 6.946947e+00 -1.215367e+00 -1.203725e+01 1.382039e+00 
-5.564427e+00 7.419748e+00 2.224958e+00 -1.459641e+01 -6.475142e+00 3.993639e+01 -1.342332e+01 -5.013713e-01 -2.734207e+00 -2.397477e+00 2.896195e+00 -7.061482e+00 -1.581344e+00 1.121797e+01 -6.882816e+00 3.759263e+01 -2.945272e+01 7.291453e-01 -1.797090e+00 3.643522e+00 
5.489771e+00 -1.281193e+01 4.902234e+00 6.267458e-01 -4.507068e+00 -1.342332e+01 4.553599e+01 -1.074970e+01 -1.264244e+01 -4.009255e+00 3.367734e+00 2.227580e+00 3.901140e+00 -1.065023e+01 1.556713e+01 -2.854956e+01 7.451734e+00 -5.440076e+00 1.859018e+00 5.225658e+00 
-2.359766e+00 2.120857e+00 7.435592e-01 -6.469620e+00 5.832447e+00 -5.013713e-01 -1.074970e+01 3.626958e+01 -2.254745e+01 9.177075e+00 -1.187257e+01 1.124326e+01 -1.077153e+01 1.434327e+01 -1.080621e+01 1.692013e+00 2.203855e+01 -6.719149e+00 6.760307e+00 4.559091e+00 
2.488197e+00 3.041432e+00 -8.840818e+00 1.510834e+01 -8.754942e+00 -2.734207e+00 -1.264244e+01 -2.254745e+01 8.026219e+01 -1.991567e+01 1.201544e+01 -2.571081e+01 8.527458e+00 -2.275142e+01 -2.032410e+00 1.303606e+01 -1.759407e+01 8.466306e+00 -1.607383e+01 1.663616e+00 
-3.276122e+00 1.285569e+01 2.013548e+00 -1.004307e+01 -6.584264e+00 -2.397477e+00 -4.009255e+00 9.177075e+00 -1.991567e+01 4.752786e+01 -1.136440e+01 6.862092e+00 -2.884733e+01 -2.216135e+00 -7.929475e+00 2.486497e+01 -3.482765e+01 8.188550e+00 4.829084e+00 7.683647e+00 
4.821857e+00 -5.965254e+00 -7.886859e+00 1.683756e+00 6.337712e+00 2.896195e+00 3.367734e+00 -1.187257e+01 1.201544e+01 -1.136440e+01 3.065407e+01 -2.084465e+01 5.298876e+00 -1.206860e+01 7.022032e+00 -2.777518e+01 -4.454822e-01 1.428157e+01 -2.244581e+01 4.334731e+00 
-1.729188e+01 -7.172161e+00 1.196139e+01 -6.117792e+00 1.229099e+01 -7.061482e+00 2.227580e+00 1.124326e+01 -2.571081e+01 6.862092e+00 -2.084465e+01 8.698078e+01 -1.901794e+01 2.933160e+01 1.127299e+00 -1.981086e+01 2.799831e+01 -9.936514e+00 6.528961e+00 -1.873130e+01 
-3.380546e+00 -9.535277e+00 2.643696e+00 -2.479620e+00 2.025887e+01 -1.581344e+00 3.901140e+00 -1.077153e+01 8.527458e+00 -2.884733e+01 5.298876e+00 -1.901794e+01 8.445291e+01 -1.490322e+01 -6.253417e+00 -3.350915e+00 3.564025e+01 -3.866893e+00 -1.814259e+01 -9.495596e+00 
-1.307191e+01 -4.532797e+00 1.768462e+01 -1.196847e+01 4.696462e-01 1.121797e+01 -1.065023e+01 1.434327e+01 -2.275142e+01 -2.216135e+00 -1.206860e+01 2.933160e+01 -1.490322e+01 7.617617e+01 -3.949004e+01 2.002067e+01 4.050822e+01 -1.431492e+01 5.155253e+00 -1.817102e+01 
1.518203e+01 -1.628171e+01 -4.364331e+00 1.015377e+01 6.343978e-01 -6.882816e+00 1.556713e+01 -1.080621e+01 -2.032410e+00 -7.929475e+00 7.022032e+00 1.127299e+00 -6.253417e+00 -3.949004e+01 7.698131e+01 -6.278447e+01 -7.569452e+00 -4.467179e+00 1.042242e+01 1.123397e+01 
-1.663118e+01 1.237921e+00 2.893311e+01 -2.497358e+01 -1.589649e+01 3.759263e+01 -2.854956e+01 1.692013e+00 1.303606e+01 2.486497e+01 -2.777518e+01 -1.981086e+01 -3.350915e+00 2.002067e+01 -6.278447e+01 4.189416e+02 -2.902516e+02 2.684766e+01 -1.683650e+01 1.712454e+01 
2.489170e+00 -1.192139e+01 -1.549967e+01 1.834268e+01 6.946947e+00 -2.945272e+01 7.451734e+00 2.203855e+01 -1.759407e+01 -3.482765e+01 -4.454822e-01 2.799831e+01 3.564025e+01 4.050822e+01 -7.569452e+00 -2.902516e+02 3.735178e+02 -6.942874e+01 2.346159e+01 -4.724523e+00 
-9.341151e-01 6.517123e+00 -7.531585e+00 -4.812863e+00 -1.215367e+00 7.291453e-01 -5.440076e+00 -6.719149e+00 8.466306e+00 8.188550e+00 1.428157e+01 -9.936514e+00 -3.866893e+00 -1.431492e+01 -4.467179e+00 2.684766e+01 -6.942874e+01 5.604515e+01 -3.286284e+01 4.894806e+00 
8.000150e+00 4.568646e+00 2.636362e+00 2.366305e+00 -1.203725e+01 -1.797090e+00 1.859018e+00 6.760307e+00 -1.607383e+01 4.829084e+00 -2.244581e+01 6.528961e+00 -1.814259e+01 5.155253e+00 1.042242e+01 -1.683650e+01 2.346159e+01 -3.286284e+01 1.088388e+02 -2.032770e+01 
1.440439e+01 -1.184105e+01 -1.027400e+01 -1.394964e+00 1.382039e+00 3.643522e+00 5.225658e+00 4.559091e+00 1.663616e+00 7.683647e+00 4.334731e+00 -1.873130e+01 -9.495596e+00 -1.817102e+01 1.123397e+01 1.712454e+01 -4.724523e+00 4.894806e+00 -2.032770e+01 5.404394e+01 
detCovars
1.605677e-32 
dha dhe dhin ge ke na te tin tun 