priors
1.459462e-01 1.288102e-02 2.568467e-02 8.622157e-02 1.455593e-01 1.267987e-01 4.379932e-01 1.547269e-04 1.876064e-02 
means
-1.263241e-02 1.290348e-01 -1.307198e-01 3.764995e-02 5.698862e-02 -1.878721e-02 1.519076e-01 9.334432e-02 1.149323e-01 1.120135e-01 -2.311804e-02 -6.183810e-02 1.746925e-01 2.319030e-01 8.979217e-02 -8.564558e-03 -4.221611e-02 -4.089374e-03 6.177689e-02 3.380370e-02 
-3.918197e-01 3.740015e-01 9.631010e-02 2.779720e-01 3.586917e-01 2.578875e-01 1.587095e-01 1.221902e-04 1.048970e-02 9.181596e-02 5.443889e-02 2.714871e-02 -6.604557e-02 -1.542310e-01 8.081318e-02 6.403314e-02 1.364643e-01 1.334353e-01 2.243809e-02 7.752656e-04 
2.217925e-01 3.914725e-01 7.574628e-02 1.909864e-01 5.468625e-02 8.108807e-02 7.824740e-02 -2.460973e-02 -9.610517e-02 6.867288e-02 1.927827e-01 6.763831e-02 -1.027922e-01 -6.184243e-02 9.034497e-02 1.643702e-01 1.553360e-01 -1.174210e-01 -1.204591e-01 -2.067110e-02 
4.526415e-01 3.836199e-01 2.871120e-02 1.081769e-01 8.450513e-02 2.859773e-02 2.039005e-01 -2.350049e-03 1.241802e-03 7.278832e-02 2.128137e-01 1.720777e-01 2.542067e-02 -1.522159e-02 1.185278e-01 1.502541e-01 1.295168e-01 9.025192e-02 -8.150028e-04 -1.413813e-01 
-1.278777e-01 -4.325655e-02 -5.514475e-02 -6.372925e-02 2.105158e-02 -1.006746e-02 -1.252835e-02 7.242140e-02 4.428382e-02 -5.030651e-02 2.687858e-01 6.775072e-02 -1.234311e-01 -1.342395e-01 -6.859628e-03 9.606342e-02 7.837182e-02 -2.795234e-02 8.943169e-02 -7.066651e-02 
-2.153364e-01 -1.282103e-01 -2.189174e-01 -4.726364e-02 -4.604287e-02 -3.934025e-02 2.328034e-02 2.269690e-02 5.220179e-02 1.191431e-01 -3.697309e-02 -8.685944e-02 3.982328e-02 2.647222e-01 2.447604e-01 -2.938882e-02 -5.923863e-02 -3.204844e-02 -5.030580e-02 -2.379988e-02 
2.251499e-03 -1.118071e-01 1.092150e-01 -1.978939e-02 -4.444035e-02 1.553488e-03 -9.466006e-02 -5.346656e-02 -5.634389e-02 -7.189975e-02 -1.300824e-01 -1.481183e-02 -2.427848e-02 -1.011289e-01 -1.380469e-01 -6.712056e-02 -3.604387e-02 1.241736e-02 -2.114407e-02 5.319362e-02 
3.667011e-01 3.454729e-01 -1.248635e-01 3.640742e-01 4.154313e-01 4.550309e-01 3.609024e-01 3.645958e-01 3.066949e-01 2.266635e-01 5.980418e-02 1.266438e-01 -1.885736e-02 4.201649e-03 1.792854e-01 2.238428e-01 2.243454e-01 2.125687e-01 -2.150927e-02 -2.081825e-01 
3.753515e-01 2.499806e-01 7.385679e-02 3.052179e-02 2.909650e-02 3.062202e-02 -1.880920e-01 -1.518111e-01 -1.589472e-01 -1.011942e-01 1.013763e-01 -1.486890e-02 -3.426637e-02 6.975404e-02 1.979209e-01 1.255536e-01 5.876549e-02 -1.720027e-01 -1.873882e-01 -1.164527e-01 
covars
7.453706e-02 4.381952e-02 8.961479e-03 1.923684e-03 -1.191684e-02 -1.685389e-03 4.665597e-03 1.090452e-02 6.778917e-03 8.982771e-03 2.909098e-02 2.760021e-02 2.204810e-02 1.606230e-02 6.655035e-03 5.079994e-03 -8.423137e-04 -4.660807e-03 -3.356397e-03 1.795483e-04 
4.381952e-02 7.615893e-02 1.317989e-02 1.056034e-02 1.589198e-02 -2.897537e-03 1.996615e-02 8.578784e-03 1.054443e-02 7.093878e-03 3.106711e-02 1.813514e-02 1.537115e-02 2.529203e-02 2.589863e-02 1.398379e-02 8.640674e-03 4.743179e-03 2.396925e-03 8.982409e-03 
8.961479e-03 1.317989e-02 5.850209e-02 1.790181e-02 7.059117e-03 6.477250e-03 -3.930880e-03 2.533369e-04 -1.007141e-03 -3.390802e-03 7.141878e-03 1.945764e-03 -4.773238e-03 -1.290102e-02 -4.469139e-03 6.527739e-04 6.164331e-03 1.107687e-02 3.080091e-03 8.713973e-03 
1.923684e-03 1.056034e-02 1.790181e-02 3.568670e-02 2.103283e-02 2.074952e-02 1.497349e-02 4.933462e-03 4.167127e-03 1.152666e-02 3.258674e-04 -2.030198e-03 -2.334520e-03 5.664210e-04 6.360216e-03 6.706028e-03 9.430645e-03 1.399020e-02 2.085885e-03 -3.655739e-03 
-1.191684e-02 1.589198e-02 7.059117e-03 2.103283e-02 8.747526e-02 4.278945e-02 4.540771e-02 -1.008358e-02 1.165737e-02 1.113338e-02 -4.064375e-02 -3.263858e-02 -4.554749e-02 -1.517042e-02 2.893348e-02 3.116320e-02 4.379802e-02 4.058259e-02 -4.940504e-03 -4.072518e-02 
-1.685389e-03 -2.897537e-03 6.477250e-03 2.074952e-02 4.278945e-02 6.858330e-02 3.901121e-02 3.649981e-03 1.261894e-02 1.665985e-02 -3.086807e-02 -1.582509e-02 -2.632059e-02 -2.033454e-02 1.427651e-02 1.782481e-02 3.072712e-02 3.044269e-02 -6.243294e-03 -3.691093e-02 
4.665597e-03 1.996615e-02 -3.930880e-03 1.497349e-02 4.540771e-02 3.901121e-02 6.844107e-02 1.676619e-02 2.281703e-02 2.044429e-02 -1.592892e-02 -1.439291e-02 -1.851459e-02 1.935560e-03 2.624266e-02 2.385389e-02 2.976375e-02 2.925709e-02 -4.059140e-03 -3.431920e-02 
1.090452e-02 8.578784e-03 2.533369e-04 4.933462e-03 -1.008358e-02 3.649981e-03 1.676619e-02 5.716011e-02 1.925330e-02 1.111454e-02 2.547892e-02 9.332185e-03 1.926609e-02 1.188884e-02 8.089107e-03 -1.997551e-03 -7.272346e-03 -2.569805e-03 2.824540e-03 -1.894140e-03 
6.778917e-03 1.054443e-02 -1.007141e-03 4.167127e-03 1.165737e-02 1.261894e-02 2.281703e-02 1.925330e-02 3.141691e-02 2.135200e-02 4.259987e-03 2.789337e-03 7.072037e-03 1.559267e-02 1.575790e-02 4.632572e-03 5.242729e-03 7.361031e-03 2.949763e-03 -5.816588e-03 
8.982771e-03 7.093878e-03 -3.390802e-03 1.152666e-02 1.113338e-02 1.665985e-02 2.044429e-02 1.111454e-02 2.135200e-02 5.535764e-02 1.661317e-02 1.219968e-03 1.619151e-02 1.813570e-02 2.160312e-02 8.165271e-03 9.476531e-03 4.696629e-03 1.504744e-03 -1.282344e-02 
2.909098e-02 3.106711e-02 7.141878e-03 3.258674e-04 -4.064375e-02 -3.086807e-02 -1.592892e-02 2.547892e-02 4.259987e-03 1.661317e-02 1.134054e-01 4.399320e-02 4.568934e-02 2.757091e-02 -1.610848e-03 -5.120215e-03 -2.165046e-02 -3.208174e-02 1.738596e-02 3.254716e-02 
2.760021e-02 1.813514e-02 1.945764e-03 -2.030198e-03 -3.263858e-02 -1.582509e-02 -1.439291e-02 9.332185e-03 2.789337e-03 1.219968e-03 4.399320e-02 4.330206e-02 3.293848e-02 1.203360e-02 -1.087338e-02 -1.036986e-02 -1.999570e-02 -1.948466e-02 7.690892e-03 2.831140e-02 
2.204810e-02 1.537115e-02 -4.773238e-03 -2.334520e-03 -4.554749e-02 -2.632059e-02 -1.851459e-02 1.926609e-02 7.072037e-03 1.619151e-02 4.568934e-02 3.293848e-02 6.495289e-02 3.970785e-02 -5.373586e-03 -2.237821e-02 -3.582086e-02 -2.649426e-02 1.251203e-02 4.106575e-02 
1.606230e-02 2.529203e-02 -1.290102e-02 5.664210e-04 -1.517042e-02 -2.033454e-02 1.935560e-03 1.188884e-02 1.559267e-02 1.813570e-02 2.757091e-02 1.203360e-02 3.970785e-02 6.265206e-02 1.875284e-02 -1.049368e-02 -2.097327e-02 -1.021354e-02 8.545813e-03 2.748883e-02 
6.655035e-03 2.589863e-02 -4.469139e-03 6.360216e-03 2.893348e-02 1.427651e-02 2.624266e-02 8.089107e-03 1.575790e-02 2.160312e-02 -1.610848e-03 -1.087338e-02 -5.373586e-03 1.875284e-02 5.367505e-02 2.510853e-02 2.685454e-02 2.309106e-02 -3.796069e-03 -2.435446e-02 
5.079994e-03 1.398379e-02 6.527739e-04 6.706028e-03 3.116320e-02 1.782481e-02 2.385389e-02 -1.997551e-03 4.632572e-03 8.165271e-03 -5.120215e-03 -1.036986e-02 -2.237821e-02 -1.049368e-02 2.510853e-02 2.902573e-02 3.300534e-02 2.268290e-02 -4.889377e-03 -3.000805e-02 
-8.423137e-04 8.640674e-03 6.164331e-03 9.430645e-03 4.379802e-02 3.072712e-02 2.976375e-02 -7.272346e-03 5.242729e-03 9.476531e-03 -2.165046e-02 -1.999570e-02 -3.582086e-02 -2.097327e-02 2.685454e-02 3.300534e-02 4.569384e-02 3.570813e-02 -7.441824e-03 -4.054956e-02 
-4.660807e-03 4.743179e-03 1.107687e-02 1.399020e-02 4.058259e-02 3.044269e-02 2.925709e-02 -2.569805e-03 7.361031e-03 4.696629e-03 -3.208174e-02 -1.948466e-02 -2.649426e-02 -1.021354e-02 2.309106e-02 2.268290e-02 3.570813e-02 5.799293e-02 1.312216e-03 -2.858958e-02 
-3.356397e-03 2.396925e-03 3.080091e-03 2.085885e-03 -4.940504e-03 -6.243294e-03 -4.059140e-03 2.824540e-03 2.949763e-03 1.504744e-03 1.738596e-02 7.690892e-03 1.251203e-02 8.545813e-03 -3.796069e-03 -4.889377e-03 -7.441824e-03 1.312216e-03 1.846589e-02 1.695653e-02 
1.795483e-04 8.982409e-03 8.713973e-03 -3.655739e-03 -4.072518e-02 -3.691093e-02 -3.431920e-02 -1.894140e-03 -5.816588e-03 -1.282344e-02 3.254716e-02 2.831140e-02 4.106575e-02 2.748883e-02 -2.435446e-02 -3.000805e-02 -4.054956e-02 -2.858958e-02 1.695653e-02 7.510310e-02 
invCovars
3.567817e+01 -1.955511e+01 -7.479994e+00 6.282999e+00 6.092226e+00 -5.580659e+00 5.443780e+00 -2.334557e+00 2.553864e+00 -3.347592e+00 4.916214e+00 -1.839182e+01 -3.740041e+00 -1.346762e+01 1.567467e+01 -1.772152e+01 2.942990e+00 -1.337318e+00 8.593163e+00 1.496191e+01 
-1.955511e+01 4.618309e+01 -6.103122e+00 -2.032371e+00 -1.716142e+01 7.333525e+00 -1.285425e+01 2.068499e+00 3.559356e+00 1.256094e+01 -5.805284e+00 -7.609045e+00 -9.421393e+00 -4.703745e+00 -1.609673e+01 1.163333e+00 -1.218192e+01 6.291910e+00 4.377741e+00 -1.163880e+01 
-7.479994e+00 -6.103122e+00 3.296764e+01 -1.661935e+01 1.420528e+00 2.641581e+00 4.940705e+00 9.872304e-01 -9.266680e+00 1.729036e+00 -7.841778e+00 1.199631e+01 2.398897e+00 1.765349e+01 -4.381973e+00 2.915233e+01 -1.512318e+01 -7.819155e+00 2.775318e+00 -1.039592e+01 
6.282999e+00 -2.032371e+00 -1.661935e+01 5.375963e+01 -1.087546e+01 -1.474857e+01 3.607308e-01 -6.982346e+00 1.588033e+01 -1.018344e+01 1.700233e+00 -6.803859e+00 -1.959806e+00 -1.205773e+01 1.020213e+01 -2.486597e+01 1.653665e+01 -5.211258e+00 1.889209e+00 -1.688741e+00 
6.092226e+00 -1.716142e+01 1.420528e+00 -1.087546e+01 4.628549e+01 -6.539538e+00 -4.396868e+00 5.630715e+00 -8.794589e+00 -6.354474e+00 6.323886e+00 1.246326e+01 1.905498e+01 6.939933e-01 1.327369e+00 -1.711034e+01 6.710158e+00 -1.341531e+00 -1.208395e+01 9.175846e-01 
-5.580659e+00 7.333525e+00 2.641581e+00 -1.474857e+01 -6.539538e+00 3.995495e+01 -1.328393e+01 2.541292e-01 -3.342422e+00 -2.269083e+00 2.494058e+00 -7.012659e+00 -1.706682e+00 1.147246e+01 -7.299961e+00 3.705915e+01 -2.731919e+01 3.483250e-01 -1.061445e+00 3.851235e+00 
5.443780e+00 -1.285425e+01 4.940705e+00 3.607308e-01 -4.396868e+00 -1.328393e+01 4.493435e+01 -1.093622e+01 -1.202904e+01 -4.437025e+00 3.376150e+00 2.303118e+00 4.502370e+00 -1.060174e+01 1.542507e+01 -2.704945e+01 7.177370e+00 -5.366186e+00 2.132404e+00 5.256438e+00 
-2.334557e+00 2.068499e+00 9.872304e-01 -6.982346e+00 5.630715e+00 2.541292e-01 -1.093622e+01 3.633933e+01 -2.318814e+01 9.609626e+00 -1.164220e+01 1.137274e+01 -1.165529e+01 1.465241e+01 -1.034279e+01 1.271639e+00 2.138924e+01 -6.347793e+00 6.710758e+00 4.785172e+00 
2.553864e+00 3.559356e+00 -9.266680e+00 1.588033e+01 -8.794589e+00 -3.342422e+00 -1.202904e+01 -2.318814e+01 8.137873e+01 -2.016785e+01 1.163068e+01 -2.665503e+01 9.802389e+00 -2.331157e+01 -2.845926e+00 1.490438e+01 -1.861657e+01 7.847365e+00 -1.600075e+01 1.543145e+00 
-3.347592e+00 1.256094e+01 1.729036e+00 -1.018344e+01 -6.354474e+00 -2.269083e+00 -4.437025e+00 9.609626e+00 -2.016785e+01 4.711557e+01 -1.093016e+01 7.178020e+00 -2.881124e+01 -1.829721e+00 -8.172406e+00 2.330889e+01 -3.280938e+01 8.808790e+00 4.308271e+00 7.729623e+00 
4.916214e+00 -5.805284e+00 -7.841778e+00 1.700233e+00 6.323886e+00 2.494058e+00 3.376150e+00 -1.164220e+01 1.163068e+01 -1.093016e+01 3.083710e+01 -2.023270e+01 4.804676e+00 -1.166786e+01 6.971133e+00 -2.884540e+01 7.477030e-01 1.444781e+01 -2.241347e+01 4.219705e+00 
-1.839182e+01 -7.609045e+00 1.199631e+01 -6.803859e+00 1.246326e+01 -7.012659e+00 2.303118e+00 1.137274e+01 -2.665503e+01 7.178020e+00 -2.023270e+01 8.574531e+01 -1.897425e+01 2.889114e+01 1.515682e+00 -1.995906e+01 2.720520e+01 -9.101530e+00 6.130863e+00 -1.835500e+01 
-3.740041e+00 -9.421393e+00 2.398897e+00 -1.959806e+00 1.905498e+01 -1.706682e+00 4.502370e+00 -1.165529e+01 9.802389e+00 -2.881124e+01 4.804676e+00 -1.897425e+01 8.302113e+01 -1.563244e+01 -5.586500e+00 -1.438773e+00 3.359666e+01 -3.995063e+00 -1.692572e+01 -8.690257e+00 
-1.346762e+01 -4.703745e+00 1.765349e+01 -1.205773e+01 6.939933e-01 1.147246e+01 -1.060174e+01 1.465241e+01 -2.331157e+01 -1.829721e+00 -1.166786e+01 2.889114e+01 -1.563244e+01 7.431300e+01 -3.762952e+01 1.893274e+01 3.841800e+01 -1.419371e+01 4.958682e+00 -1.752302e+01 
1.567467e+01 -1.609673e+01 -4.381973e+00 1.020213e+01 1.327369e+00 -7.299961e+00 1.542507e+01 -1.034279e+01 -2.845926e+00 -8.172406e+00 6.971133e+00 1.515682e+00 -5.586500e+00 -3.762952e+01 7.543956e+01 -6.349652e+01 -5.717108e+00 -4.980730e+00 9.752990e+00 1.034022e+01 
-1.772152e+01 1.163333e+00 2.915233e+01 -2.486597e+01 -1.711034e+01 3.705915e+01 -2.704945e+01 1.271639e+00 1.490438e+01 2.330889e+01 -2.884540e+01 -1.995906e+01 -1.438773e+00 1.893274e+01 -6.349652e+01 4.119015e+02 -2.789285e+02 2.632829e+01 -1.470088e+01 1.766366e+01 
2.942990e+00 -1.218192e+01 -1.512318e+01 1.653665e+01 6.710158e+00 -2.731919e+01 7.177370e+00 2.138924e+01 -1.861657e+01 -3.280938e+01 7.477030e-01 2.720520e+01 3.359666e+01 3.841800e+01 -5.717108e+00 -2.789285e+02 3.558926e+02 -6.627142e+01 2.312769e+01 -3.612789e+00 
-1.337318e+00 6.291910e+00 -7.819155e+00 -5.211258e+00 -1.341531e+00 3.483250e-01 -5.366186e+00 -6.347793e+00 7.847365e+00 8.808790e+00 1.444781e+01 -9.101530e+00 -3.995063e+00 -1.419371e+01 -4.980730e+00 2.632829e+01 -6.627142e+01 5.746045e+01 -3.216089e+01 5.654988e+00 
8.593163e+00 4.377741e+00 2.775318e+00 1.889209e+00 -1.208395e+01 -1.061445e+00 2.132404e+00 6.710758e+00 -1.600075e+01 4.308271e+00 -2.241347e+01 6.130863e+00 -1.692572e+01 4.958682e+00 9.752990e+00 -1.470088e+01 2.312769e+01 -3.216089e+01 1.075132e+02 -1.910716e+01 
1.496191e+01 -1.163880e+01 -1.039592e+01 -1.688741e+00 9.175846e-01 3.851235e+00 5.256438e+00 4.785172e+00 1.543145e+00 7.729623e+00 4.219705e+00 -1.835500e+01 -8.690257e+00 -1.752302e+01 1.034022e+01 1.766366e+01 -3.612789e+00 5.654988e+00 -1.910716e+01 5.333040e+01 
detCovars
1.534066e-32 
dha dhe dhin ge ke na te tin tun 